gene	hgvs_p	hgvs_g	gnomad_freq	clinical_sig	molecular_consequence	review_status
TP53		NC_000017.11:g.7666193C>T	0.0	Likely_benign	unknown	criteria_provided,_single_submitter
TP53		NC_000017.11:g.7667874G>C	0.0	Likely_benign	unknown	criteria_provided,_single_submitter
TP53		NC_000017.11:g.7667880G>A	0.0	Likely_benign	unknown	criteria_provided,_single_submitter
TP53		NC_000017.11:g.7667888G>A	0.0	Likely_benign	unknown	criteria_provided,_single_submitter
TP53		NC_000017.11:g.7667899A>C	0.0	Likely_benign	unknown	criteria_provided,_single_submitter
TP53		NC_000017.11:g.7667901C>T	0.0	Likely_benign	unknown	criteria_provided,_single_submitter
TP53		NC_000017.11:g.7667904C>T	0.0	Likely_benign	unknown	criteria_provided,_single_submitter
TP53		NC_000017.11:g.7667906C>A	0.0	Likely_benign	unknown	criteria_provided,_single_submitter
TP53		NC_000017.11:g.7667906C>T	0.0	Likely_benign	unknown	criteria_provided,_single_submitter
TP53		NC_000017.11:g.7667908C>A	0.0	Benign	unknown	criteria_provided,_single_submitter
TP53		NC_000017.11:g.7667909C>T	0.0	Likely_benign	unknown	criteria_provided,_single_submitter
TP53		NC_000017.11:g.7667910C>A	0.0	Likely_benign	unknown	criteria_provided,_single_submitter
TP53		NC_000017.11:g.7667914C>T	0.0	Uncertain_significance	unknown	criteria_provided,_single_submitter
TP53		NC_000017.11:g.7667923T>G	0.0	Uncertain_significance	unknown	criteria_provided,_single_submitter
TP53		NC_000017.11:g.7667926C>T	0.0	Likely_benign	unknown	criteria_provided,_single_submitter
TP53		NC_000017.11:g.7667929C>T	0.0	Likely_benign	unknown	criteria_provided,_single_submitter
TP53		NC_000017.11:g.7667933C>T	0.0	Likely_benign	unknown	criteria_provided,_single_submitter
TP53		NC_000017.11:g.7668134G>A	0.0	Benign	unknown	criteria_provided,_single_submitter
TP53		NC_000017.11:g.7668174_7668179dup	0.0	Benign	unknown	criteria_provided,_multiple_submitters,_no_conflicts
TP53		NC_000017.11:g.7668194C>T	0.0	Likely_benign	unknown	no_assertion_criteria_provided
TP53		NC_000017.11:g.7668195G>A	0.0	Likely_benign	unknown	no_assertion_criteria_provided
TP53		NC_000017.11:g.7668204dup	0.0	Pathogenic	unknown	criteria_provided,_single_submitter
TP53		NC_000017.11:g.7668388C>G	0.0	Likely_benign	unknown	criteria_provided,_multiple_submitters,_no_conflicts
TP53		NC_000017.11:g.7668434T>G	0.0	Conflicting_classifications_of_pathogenicity	utr	criteria_provided,_conflicting_classifications
TP53		NC_000017.11:g.7668440T>C	0.0	Likely_benign	utr	no_assertion_criteria_provided
TP53		NC_000017.11:g.7668449A>C	0.0	Uncertain_significance	utr	criteria_provided,_single_submitter
TP53		NC_000017.11:g.7668477G>A	0.0	Conflicting_classifications_of_pathogenicity	utr	criteria_provided,_conflicting_classifications
TP53		NC_000017.11:g.7668539G>A	0.0	Benign/Likely_benign	utr	criteria_provided,_multiple_submitters,_no_conflicts
TP53		NC_000017.11:g.7668632C>G	0.0	Uncertain_significance	utr	criteria_provided,_single_submitter
TP53		NC_000017.11:g.7668673T>C	0.0	Likely_benign	utr	criteria_provided,_single_submitter
TP53		NC_000017.11:g.7668783C>T	0.0	Benign	utr	criteria_provided,_multiple_submitters,_no_conflicts
TP53		NC_000017.11:g.7668803G>T	0.0	Uncertain_significance	utr	criteria_provided,_single_submitter
TP53		NC_000017.11:g.7668819C>T	0.0	Uncertain_significance	utr	criteria_provided,_single_submitter
TP53		NC_000017.11:g.7668830del	0.0	Uncertain_significance	utr	criteria_provided,_single_submitter
TP53		NC_000017.11:g.7668836G>A	0.0	Benign	utr	criteria_provided,_single_submitter
TP53		NC_000017.11:g.7668854del	0.0	Uncertain_significance	utr	criteria_provided,_multiple_submitters,_no_conflicts
TP53		NC_000017.11:g.7668848A>G	0.0	Uncertain_significance	utr	criteria_provided,_single_submitter
TP53		NC_000017.11:g.7668849A>G	0.0	Uncertain_significance	utr	criteria_provided,_single_submitter
TP53		NC_000017.11:g.7668855G>A	0.0	Uncertain_significance	utr	criteria_provided,_single_submitter
TP53		NC_000017.11:g.7668862G>A	0.0	Uncertain_significance	utr	criteria_provided,_single_submitter
TP53		NC_000017.11:g.7668874G>T	0.0	Uncertain_significance	utr	criteria_provided,_single_submitter
TP53		NC_000017.11:g.7668983G>A	0.0	Uncertain_significance	utr	criteria_provided,_single_submitter
TP53		NC_000017.11:g.7668996G>T	0.0	Benign	utr	criteria_provided,_single_submitter
TP53		NC_000017.11:g.7669039_7669040del	0.0	Likely_benign	utr	criteria_provided,_single_submitter
TP53		NC_000017.11:g.7669044C>A	0.0	Uncertain_significance	utr	criteria_provided,_single_submitter
TP53		NC_000017.11:g.7669061C>A	0.0	Uncertain_significance	utr	criteria_provided,_single_submitter
TP53		NC_000017.11:g.7669124C>T	0.0	Benign	utr	criteria_provided,_multiple_submitters,_no_conflicts
TP53		NC_000017.11:g.7669200G>T	0.0	Likely_benign	utr	criteria_provided,_multiple_submitters,_no_conflicts
TP53		NC_000017.11:g.7669227G>A	0.0	Uncertain_significance	utr	criteria_provided,_single_submitter
TP53		NC_000017.11:g.7669252A>G	0.0	Likely_benign	utr	criteria_provided,_multiple_submitters,_no_conflicts
TP53		NC_000017.11:g.7669262A>G	0.0	Uncertain_significance	utr	criteria_provided,_single_submitter
TP53		NC_000017.11:g.7669263C>A	0.0	Uncertain_significance	utr	criteria_provided,_single_submitter
TP53		NC_000017.11:g.7669281C>T	0.0	Benign	utr	criteria_provided,_single_submitter
TP53		NC_000017.11:g.7669282G>A	0.0	Uncertain_significance	utr	criteria_provided,_single_submitter
TP53		NC_000017.11:g.7669404C>T	0.0	Benign	utr	criteria_provided,_multiple_submitters,_no_conflicts
TP53		NC_000017.11:g.7669441G>A	0.0	Uncertain_significance	utr	criteria_provided,_single_submitter
TP53		NC_000017.11:g.7669465C>T	0.0	Uncertain_significance	utr	criteria_provided,_single_submitter
TP53		NC_000017.11:g.7669510C>T	0.0	Uncertain_significance	utr	criteria_provided,_single_submitter
TP53		NC_000017.11:g.7669589_7676614del	0.0	Pathogenic	frameshift	no_assertion_criteria_provided
TP53		NC_000017.11:g.7669593C>A	0.0	Uncertain_significance	utr	criteria_provided,_single_submitter
TP53		NC_000017.11:g.7669594A>G	0.0	Likely_benign	utr	criteria_provided,_single_submitter
TP53		NC_000017.11:g.7669596G>A	0.0	Likely_benign	utr	criteria_provided,_single_submitter
TP53		NC_000017.11:g.7669600_7669603dup	0.0	Conflicting_classifications_of_pathogenicity	utr	criteria_provided,_conflicting_classifications
TP53		NC_000017.11:g.7669601G>A	0.0	Conflicting_classifications_of_pathogenicity	utr	criteria_provided,_conflicting_classifications
TP53		NC_000017.11:g.7669603A>T	0.0	Benign/Likely_benign	utr	criteria_provided,_multiple_submitters,_no_conflicts
TP53		NC_000017.11:g.7669605A>C	0.0	Uncertain_significance	utr	criteria_provided,_single_submitter
TP53		NC_000017.11:g.7669608G>A	0.0	Benign	utr	criteria_provided,_single_submitter
TP53		NC_000017.11:g.7669609T>A	0.0	Uncertain_significance	stop_lost	criteria_provided,_single_submitter
TP53		NC_000017.11:g.7669609T>C	0.0	Uncertain_significance	stop_lost	criteria_provided,_multiple_submitters,_no_conflicts
TP53		NC_000017.11:g.7669611_7669681dup	0.0	Uncertain_significance	stop_lost	criteria_provided,_single_submitter
TP53		NC_000017.11:g.7669610C>A	0.0	Uncertain_significance	stop_lost	criteria_provided,_single_submitter
TP53		NC_000017.11:g.7669612dup	0.0	Conflicting_classifications_of_pathogenicity	stop_lost	criteria_provided,_conflicting_classifications
TP53		NC_000017.11:g.7669611A>C	0.0	Uncertain_significance	stop_lost	criteria_provided,_single_submitter
TP53		NC_000017.11:g.7669611A>G	0.0	Uncertain_significance	stop_lost	criteria_provided,_single_submitter
TP53		NC_000017.11:g.7669611A>T	0.0	Uncertain_significance	stop_lost	criteria_provided,_single_submitter
TP53		NC_000017.11:g.7669612G>C	0.0	Conflicting_classifications_of_pathogenicity	missense	criteria_provided,_conflicting_classifications
TP53		NC_000017.11:g.7669613T>A	0.0	Uncertain_significance	missense	criteria_provided,_single_submitter
TP53		NC_000017.11:g.7669613T>C	0.0	Uncertain_significance	missense	criteria_provided,_single_submitter
TP53		NC_000017.11:g.7669614del	0.0	Uncertain_significance	frameshift	criteria_provided,_multiple_submitters,_no_conflicts
TP53		NC_000017.11:g.7669614C>A	0.0	Likely_benign	missense	criteria_provided,_single_submitter
TP53		NC_000017.11:g.7669615dup	0.0	Uncertain_significance	frameshift	criteria_provided,_single_submitter
TP53		NC_000017.11:g.7669630_7669631insTTTTTTTTTNNNNNNNNNNATAGCCTCCAACGTTCCAGAGCCTGCATTTGCAGAATGCGCGGTCTGAGTAGCTGAGCAGCTCTGTGTGGGGGTGGTGCTCACCTGAGAGTCGCCCCAGGGTGAGTCAGGCCCTTCT	0.0	Uncertain_significance	utr	criteria_provided,_single_submitter
TP53		NC_000017.11:g.7669615_7669616insTCTT	0.0	Uncertain_significance	frameshift	criteria_provided,_single_submitter
TP53		NC_000017.11:g.7669614C>G	0.0	Conflicting_classifications_of_pathogenicity	missense	criteria_provided,_conflicting_classifications
TP53		NC_000017.11:g.7669614C>T	0.0	Conflicting_classifications_of_pathogenicity	missense	criteria_provided,_conflicting_classifications
TP53		NC_000017.11:g.7669617_7669618del	0.0	Uncertain_significance	frameshift	criteria_provided,_single_submitter
TP53		NC_000017.11:g.7669617A>G	0.0	Uncertain_significance	missense	criteria_provided,_single_submitter
TP53		NC_000017.11:g.7669618G>C	0.0	Uncertain_significance	missense	criteria_provided,_multiple_submitters,_no_conflicts
TP53		NC_000017.11:g.7669620del	0.0	Uncertain_significance	frameshift	criteria_provided,_single_submitter
TP53		NC_000017.11:g.7669620C>T	0.0	Conflicting_classifications_of_pathogenicity	missense	criteria_provided,_conflicting_classifications
TP53		NC_000017.11:g.7669623G>T	0.0	Uncertain_significance	missense	criteria_provided,_single_submitter
TP53		NC_000017.11:g.7669626del	0.0	Uncertain_significance	frameshift	criteria_provided,_single_submitter
TP53		NC_000017.11:g.7669626C>A	0.0	Uncertain_significance	missense	no_assertion_criteria_provided
TP53		NC_000017.11:g.7669626C>T	0.0	Conflicting_classifications_of_pathogenicity	missense	criteria_provided,_conflicting_classifications
TP53		NC_000017.11:g.7669627T>A	0.0	Likely_benign	missense	criteria_provided,_single_submitter
TP53		NC_000017.11:g.7669628T>G	0.0	Likely_benign	missense	reviewed_by_expert_panel
TP53		NC_000017.11:g.7669629C>G	0.0	Likely_benign	missense	criteria_provided,_single_submitter
TP53		NC_000017.11:g.7669631del	0.0	Uncertain_significance	frameshift	criteria_provided,_single_submitter
TP53		NC_000017.11:g.7669631G>C	0.0	Conflicting_classifications_of_pathogenicity	missense	criteria_provided,_conflicting_classifications
TP53		NC_000017.11:g.7669632T>G	0.0	Likely_benign	missense	criteria_provided,_single_submitter
TP53		NC_000017.11:g.7669634T>C	0.0	Conflicting_classifications_of_pathogenicity	missense	criteria_provided,_conflicting_classifications
TP53		NC_000017.11:g.7669636G>T	0.0	Likely_benign	missense	criteria_provided,_single_submitter
TP53		NC_000017.11:g.7669638A>G	0.0	Likely_benign	missense	criteria_provided,_single_submitter
TP53		NC_000017.11:g.7669638_7669640delinsC	0.0	Uncertain_significance	frameshift	criteria_provided,_single_submitter
TP53		NC_000017.11:g.7669639C>T	0.0	Conflicting_classifications_of_pathogenicity	missense	criteria_provided,_conflicting_classifications
TP53		NC_000017.11:g.7669640A>C	0.0	Uncertain_significance	missense	criteria_provided,_single_submitter
TP53		NC_000017.11:g.7669640A>G	0.0	Benign	missense	reviewed_by_expert_panel
TP53		NC_000017.11:g.7669641T>A	0.0	Uncertain_significance	missense	criteria_provided,_single_submitter
TP53		NC_000017.11:g.7669641T>C	0.0	Likely_benign	missense	reviewed_by_expert_panel
TP53		NC_000017.11:g.7669643_7669644del	0.0	Uncertain_significance	frameshift	criteria_provided,_single_submitter
TP53		NC_000017.11:g.7669643A>G	0.0	Uncertain_significance	missense	criteria_provided,_single_submitter
TP53		NC_000017.11:g.7669644G>A	0.0	Conflicting_classifications_of_pathogenicity	missense	criteria_provided,_conflicting_classifications
TP53		NC_000017.11:g.7669650dup	0.0	Uncertain_significance	frameshift	criteria_provided,_single_submitter
TP53		NC_000017.11:g.7669650del	0.0	Likely_pathogenic	frameshift	reviewed_by_expert_panel
TP53		NC_000017.11:g.7669646T>A	0.0	Uncertain_significance	missense	criteria_provided,_single_submitter
TP53		NC_000017.11:g.7669646T>G	0.0	Uncertain_significance	missense	criteria_provided,_multiple_submitters,_no_conflicts
TP53		NC_000017.11:g.7669650T>C	0.0	Uncertain_significance	missense	criteria_provided,_multiple_submitters,_no_conflicts
TP53		NC_000017.11:g.7669651dup	0.0	Uncertain_significance	utr	criteria_provided,_single_submitter
TP53		NC_000017.11:g.7669651del	0.0	Conflicting_classifications_of_pathogenicity	frameshift	criteria_provided,_conflicting_classifications
TP53		NC_000017.11:g.7669652del	0.0	Uncertain_significance	frameshift	criteria_provided,_single_submitter
TP53		NC_000017.11:g.7669652T>C	0.0	Uncertain_significance	missense	criteria_provided,_single_submitter
TP53		NC_000017.11:g.7669655C>A	0.0	Likely_benign	missense	reviewed_by_expert_panel
TP53		NC_000017.11:g.7669655C>T	0.0	Likely_benign	missense	reviewed_by_expert_panel
TP53		NC_000017.11:g.7669658del	0.0	Uncertain_significance	frameshift	criteria_provided,_single_submitter
TP53		NC_000017.11:g.7669656G>A	0.0	Conflicting_classifications_of_pathogenicity	missense	criteria_provided,_conflicting_classifications
TP53		NC_000017.11:g.7669656G>T	0.0	Likely_benign	missense	reviewed_by_expert_panel
TP53		NC_000017.11:g.7669658G>C	0.0	Conflicting_classifications_of_pathogenicity	missense	criteria_provided,_conflicting_classifications
TP53		NC_000017.11:g.7669658G>T	0.0	Uncertain_significance	missense	criteria_provided,_single_submitter
TP53		NC_000017.11:g.7669659A>T	0.0	Likely_benign	missense	criteria_provided,_single_submitter
TP53		NC_000017.11:g.7669661G>A	0.0	Conflicting_classifications_of_pathogenicity	missense	criteria_provided,_conflicting_classifications
TP53		NC_000017.11:g.7669662T>A	0.0	Uncertain_significance	missense	criteria_provided,_single_submitter
TP53		NC_000017.11:g.7669662T>C	0.0	Uncertain_significance	missense	criteria_provided,_multiple_submitters,_no_conflicts
TP53		NC_000017.11:g.7669662T>G	0.0	Conflicting_classifications_of_pathogenicity	missense	criteria_provided,_conflicting_classifications
TP53		NC_000017.11:g.7669667_7669670del	0.0	Uncertain_significance	frameshift	criteria_provided,_single_submitter
TP53		NC_000017.11:g.7669664G>A	0.0	Uncertain_significance	missense	criteria_provided,_single_submitter
TP53		NC_000017.11:g.7669666del	0.0	Pathogenic	frameshift	criteria_provided,_single_submitter
TP53		NC_000017.11:g.7669666C>A	0.0	Uncertain_significance	missense	criteria_provided,_single_submitter
TP53		NC_000017.11:g.7669668del	0.0	Uncertain_significance	frameshift	criteria_provided,_single_submitter
TP53		NC_000017.11:g.7669668G>A	0.0	Uncertain_significance	utr	criteria_provided,_multiple_submitters,_no_conflicts
TP53		NC_000017.11:g.7669668G>T	0.0	Likely_benign	missense	criteria_provided,_single_submitter
TP53		NC_000017.11:g.7669672del	0.0	Uncertain_significance	frameshift	criteria_provided,_single_submitter
TP53		NC_000017.11:g.7669670C>A	0.0	Likely_benign	missense	criteria_provided,_single_submitter
TP53		NC_000017.11:g.7669670C>T	0.0	Uncertain_significance	missense	criteria_provided,_single_submitter
TP53		NC_000017.11:g.7669671C>A	0.0	Conflicting_classifications_of_pathogenicity	missense	criteria_provided,_conflicting_classifications
TP53		NC_000017.11:g.7669671C>G	0.0	Benign	missense	reviewed_by_expert_panel
TP53		NC_000017.11:g.7669671C>T	0.0	Conflicting_classifications_of_pathogenicity	missense	criteria_provided,_conflicting_classifications
TP53		NC_000017.11:g.7669672C>A	0.0	Conflicting_classifications_of_pathogenicity	missense	criteria_provided,_conflicting_classifications
TP53		NC_000017.11:g.7669672C>G	0.0	Uncertain_significance	missense	criteria_provided,_single_submitter
TP53		NC_000017.11:g.7669677del	0.0	Uncertain_significance	frameshift	criteria_provided,_single_submitter
TP53		NC_000017.11:g.7669673T>A	0.0	Uncertain_significance	missense	criteria_provided,_single_submitter
TP53		NC_000017.11:g.7669673T>C	0.0	Conflicting_classifications_of_pathogenicity	missense	criteria_provided,_conflicting_classifications
TP53		NC_000017.11:g.7669676T>C	0.0	Conflicting_classifications_of_pathogenicity	missense	criteria_provided,_conflicting_classifications
TP53		NC_000017.11:g.7669676T>G	0.0	Uncertain_significance	missense	criteria_provided,_single_submitter
TP53		NC_000017.11:g.7669679del	0.0	Uncertain_significance	frameshift	criteria_provided,_single_submitter
TP53		NC_000017.11:g.7669679G>T	0.0	Conflicting_classifications_of_pathogenicity	missense	criteria_provided,_conflicting_classifications
TP53		NC_000017.11:g.7669682T>A	0.0	Uncertain_significance	missense	criteria_provided,_single_submitter
TP53		NC_000017.11:g.7669682T>G	0.0	Conflicting_classifications_of_pathogenicity	missense	criteria_provided,_conflicting_classifications
TP53		NC_000017.11:g.7669688_7669776del	0.0	Uncertain_significance	splice_acceptor	criteria_provided,_single_submitter
TP53		NC_000017.11:g.7669687G>C	0.0	Conflicting_classifications_of_pathogenicity	missense	criteria_provided,_conflicting_classifications
TP53		NC_000017.11:g.7669687G>T	0.0	Conflicting_classifications_of_pathogenicity	missense	criteria_provided,_conflicting_classifications
TP53		NC_000017.11:g.7669688T>C	0.0	Uncertain_significance	missense	criteria_provided,_single_submitter
TP53		NC_000017.11:g.7669689G>A	0.0	Uncertain_significance	missense	reviewed_by_expert_panel
TP53		NC_000017.11:g.7669689G>T	0.0	Uncertain_significance	missense	criteria_provided,_multiple_submitters,_no_conflicts
TP53		NC_000017.11:g.7669691C>G	0.0	Pathogenic	splice_acceptor	no_assertion_criteria_provided
TP53		NC_000017.11:g.7669691C>T	0.0	Pathogenic/Likely_pathogenic	splice_acceptor	criteria_provided,_multiple_submitters,_no_conflicts
TP53		NC_000017.11:g.7669691_7669692inv	0.0	Likely_pathogenic	splice_acceptor	criteria_provided,_single_submitter
TP53		NC_000017.11:g.7669692T>C	0.0	Pathogenic/Likely_pathogenic	splice_acceptor	criteria_provided,_multiple_submitters,_no_conflicts
TP53		NC_000017.11:g.7669693G>A	0.0	Conflicting_classifications_of_pathogenicity	intronic	criteria_provided,_conflicting_classifications
TP53		NC_000017.11:g.7669694T>C	0.0	Conflicting_classifications_of_pathogenicity	intronic	criteria_provided,_conflicting_classifications
TP53		NC_000017.11:g.7669696G>C	0.0	Likely_benign	intronic	criteria_provided,_single_submitter
TP53		NC_000017.11:g.7669697G>A	0.0	Likely_benign	intronic	criteria_provided,_multiple_submitters,_no_conflicts
TP53		NC_000017.11:g.7669701_7669704del	0.0	Likely_benign	intronic	criteria_provided,_single_submitter
TP53		NC_000017.11:g.7669698A>T	0.0	Likely_benign	intronic	criteria_provided,_single_submitter
TP53		NC_000017.11:g.7669700A>G	0.0	Likely_benign	intronic	criteria_provided,_single_submitter
TP53		NC_000017.11:g.7669703G>A	0.0	Likely_benign	intronic	criteria_provided,_multiple_submitters,_no_conflicts
TP53		NC_000017.11:g.7669703G>C	0.0	Uncertain_significance	intronic	criteria_provided,_single_submitter
TP53		NC_000017.11:g.7669705A>G	0.0	Likely_benign	intronic	criteria_provided,_multiple_submitters,_no_conflicts
TP53		NC_000017.11:g.7669707C>T	0.0	Likely_benign	intronic	criteria_provided,_single_submitter
TP53		NC_000017.11:g.7669710G>A	0.0	Likely_benign	intronic	criteria_provided,_multiple_submitters,_no_conflicts
TP53		NC_000017.11:g.7669716G>A	0.0	Likely_benign	intronic	criteria_provided,_single_submitter
TP53		NC_000017.11:g.7669733G>A	0.0	Likely_benign	intronic	criteria_provided,_single_submitter
TP53		NC_000017.11:g.7669739G>A	0.0	Benign	intronic	criteria_provided,_multiple_submitters,_no_conflicts
TP53		NC_000017.11:g.7669763C>G	0.0	Benign	intronic	criteria_provided,_single_submitter
TP53		NC_000017.11:g.7669911C>T	0.0	Benign	intronic	criteria_provided,_single_submitter
TP53		NC_000017.11:g.7670003C>T	0.0	Uncertain_significance	intronic	criteria_provided,_single_submitter
TP53		NC_000017.11:g.7670578G>A	0.0	Likely_benign	intronic	criteria_provided,_single_submitter
TP53		NC_000017.11:g.7670579T>A	0.0	Benign/Likely_benign	intronic	criteria_provided,_multiple_submitters,_no_conflicts
TP53		NC_000017.11:g.7670589_7670595del	0.0	Likely_benign	intronic	criteria_provided,_multiple_submitters,_no_conflicts
TP53		NC_000017.11:g.7670589A>C	0.0	Likely_benign	intronic	criteria_provided,_multiple_submitters,_no_conflicts
TP53		NC_000017.11:g.7670589A>G	0.0	Likely_benign	intronic	criteria_provided,_single_submitter
TP53		NC_000017.11:g.7670593G>A	0.0	Likely_benign	intronic	criteria_provided,_multiple_submitters,_no_conflicts
TP53		NC_000017.11:g.7670594G>A	0.0	Likely_benign	intronic	criteria_provided,_multiple_submitters,_no_conflicts
TP53		NC_000017.11:g.7670598_7670611del	0.0	Uncertain_significance	splice_donor	criteria_provided,_single_submitter
TP53		NC_000017.11:g.7670595C>T	0.0	Likely_benign	intronic	criteria_provided,_single_submitter
TP53		NC_000017.11:g.7670596T>C	0.0	Conflicting_classifications_of_pathogenicity	intronic	criteria_provided,_conflicting_classifications
TP53		NC_000017.11:g.7670597G>C	0.0	Likely_benign	intronic	criteria_provided,_multiple_submitters,_no_conflicts
TP53		NC_000017.11:g.7670599G>A	0.0	Likely_benign	intronic	criteria_provided,_multiple_submitters,_no_conflicts
TP53		NC_000017.11:g.7670599G>T	0.0	Likely_benign	intronic	criteria_provided,_multiple_submitters,_no_conflicts
TP53		NC_000017.11:g.7670600G>T	0.0	Likely_benign	intronic	criteria_provided,_single_submitter
TP53		NC_000017.11:g.7670601T>A	0.0	Likely_benign	intronic	criteria_provided,_single_submitter
TP53		NC_000017.11:g.7670601T>C	0.0	Likely_benign	intronic	criteria_provided,_multiple_submitters,_no_conflicts
TP53		NC_000017.11:g.7670602C>T	0.0	Likely_benign	intronic	criteria_provided,_multiple_submitters,_no_conflicts
TP53		NC_000017.11:g.7670604C>G	0.0	Uncertain_significance	intronic	criteria_provided,_single_submitter
TP53		NC_000017.11:g.7670604C>T	0.0	Uncertain_significance	intronic	criteria_provided,_multiple_submitters,_no_conflicts
TP53		NC_000017.11:g.7670605del	0.0	Uncertain_significance	intronic	criteria_provided,_multiple_submitters,_no_conflicts
TP53		NC_000017.11:g.7670605T>A	0.0	Uncertain_significance	intronic	criteria_provided,_multiple_submitters,_no_conflicts
TP53		NC_000017.11:g.7670606C>G	0.0	Likely_benign	intronic	criteria_provided,_single_submitter
TP53		NC_000017.11:g.7670606C>T	0.0	Uncertain_significance	intronic	criteria_provided,_multiple_submitters,_no_conflicts
TP53		NC_000017.11:g.7670607A>G	0.0	Uncertain_significance	splice_donor	criteria_provided,_single_submitter
TP53		NC_000017.11:g.7670607A>T	0.0	Likely_pathogenic	splice_donor	criteria_provided,_single_submitter
TP53		NC_000017.11:g.7670608C>A	0.0	Likely_pathogenic	splice_donor	criteria_provided,_single_submitter
TP53		NC_000017.11:g.7670608C>T	0.0	Uncertain_significance	splice_donor	criteria_provided,_single_submitter
TP53		NC_000017.11:g.7670609C>G	0.0	Uncertain_significance	missense	criteria_provided,_single_submitter
TP53		NC_000017.11:g.7670610T>C	0.0	Uncertain_significance	missense	criteria_provided,_multiple_submitters,_no_conflicts
TP53		NC_000017.11:g.7670612G>A	0.0	Uncertain_significance	missense	criteria_provided,_single_submitter
TP53		NC_000017.11:g.7670612G>C	0.0	Uncertain_significance	missense	criteria_provided,_multiple_submitters,_no_conflicts
TP53		NC_000017.11:g.7670612G>T	0.0	Uncertain_significance	missense	criteria_provided,_single_submitter
TP53		NC_000017.11:g.7670613A>C	0.0	Benign	missense	reviewed_by_expert_panel
TP53		NC_000017.11:g.7670613A>G	0.0	Uncertain_significance	missense	criteria_provided,_multiple_submitters,_no_conflicts
TP53		NC_000017.11:g.7670613A>T	0.0	Uncertain_significance	missense	criteria_provided,_single_submitter
TP53		NC_000017.11:g.7670615T>G	0.0	Uncertain_significance	missense	criteria_provided,_single_submitter
TP53		NC_000017.11:g.7670616G>A	0.0	Likely_benign	missense	reviewed_by_expert_panel
TP53		NC_000017.11:g.7670618G>A	0.0	Uncertain_significance	missense	criteria_provided,_multiple_submitters,_no_conflicts
TP53		NC_000017.11:g.7670619C>A	0.0	Conflicting_classifications_of_pathogenicity	missense	criteria_provided,_conflicting_classifications
TP53		NC_000017.11:g.7670619C>T	0.0	Uncertain_significance	missense	criteria_provided,_single_submitter
TP53		NC_000017.11:g.7670620C>A	0.0	Uncertain_significance	missense	criteria_provided,_single_submitter
TP53		NC_000017.11:g.7670621C>T	0.0	Uncertain_significance	missense	criteria_provided,_multiple_submitters,_no_conflicts
TP53		NC_000017.11:g.7670621_7670622inv	0.0	Uncertain_significance	missense	criteria_provided,_single_submitter
TP53		NC_000017.11:g.7670622T>C	0.0	Conflicting_classifications_of_pathogenicity	missense	criteria_provided,_conflicting_classifications
TP53		NC_000017.11:g.7670623G>T	0.0	Uncertain_significance	missense	criteria_provided,_single_submitter
TP53		NC_000017.11:g.7670624C>A	0.0	Conflicting_classifications_of_pathogenicity	missense	criteria_provided,_conflicting_classifications
TP53		NC_000017.11:g.7670624C>T	0.0	Conflicting_classifications_of_pathogenicity	missense	criteria_provided,_conflicting_classifications
TP53		NC_000017.11:g.7670625T>A	0.0	Conflicting_classifications_of_pathogenicity	missense	criteria_provided,_conflicting_classifications
TP53		NC_000017.11:g.7670625T>C	0.0	Uncertain_significance	missense	criteria_provided,_single_submitter
TP53		NC_000017.11:g.7670631del	0.0	Pathogenic	frameshift	criteria_provided,_multiple_submitters,_no_conflicts
TP53		NC_000017.11:g.7670627C>T	0.0	Conflicting_classifications_of_pathogenicity	missense	criteria_provided,_conflicting_classifications
TP53		NC_000017.11:g.7670628C>G	0.0	Uncertain_significance	missense	criteria_provided,_multiple_submitters,_no_conflicts
TP53		NC_000017.11:g.7670628C>T	0.0	Uncertain_significance	missense	criteria_provided,_multiple_submitters,_no_conflicts
TP53		NC_000017.11:g.7670630C>A	0.0	Conflicting_classifications_of_pathogenicity	missense	criteria_provided,_conflicting_classifications
TP53		NC_000017.11:g.7670630C>G	0.0	Benign	missense	reviewed_by_expert_panel
TP53		NC_000017.11:g.7670630C>T	0.0	Conflicting_classifications_of_pathogenicity	missense	criteria_provided,_conflicting_classifications
TP53		NC_000017.11:g.7670631C>A	0.0	Uncertain_significance	missense	criteria_provided,_single_submitter
TP53		NC_000017.11:g.7670631C>G	0.0	Uncertain_significance	missense	criteria_provided,_single_submitter
TP53		NC_000017.11:g.7670631C>T	0.0	Conflicting_classifications_of_pathogenicity	missense	criteria_provided,_conflicting_classifications
TP53		NC_000017.11:g.7670632del	0.0	Pathogenic/Likely_pathogenic	frameshift	criteria_provided,_multiple_submitters,_no_conflicts
TP53		NC_000017.11:g.7670633G>C	0.0	Conflicting_classifications_of_pathogenicity	missense	criteria_provided,_conflicting_classifications
TP53		NC_000017.11:g.7670636T>A	0.0	Conflicting_classifications_of_pathogenicity	missense	criteria_provided,_conflicting_classifications
TP53		NC_000017.11:g.7670637C>T	0.0	Conflicting_classifications_of_pathogenicity	missense	criteria_provided,_conflicting_classifications
TP53		NC_000017.11:g.7670639T>G	0.0	Uncertain_significance	missense	criteria_provided,_single_submitter
TP53		NC_000017.11:g.7670640T>C	0.0	Uncertain_significance	missense	criteria_provided,_single_submitter
TP53		NC_000017.11:g.7670642C>G	0.0	Uncertain_significance	missense	criteria_provided,_single_submitter
TP53		NC_000017.11:g.7670642C>T	0.0	Likely_benign	missense	criteria_provided,_single_submitter
TP53		NC_000017.11:g.7670643C>A	0.0	Uncertain_significance	missense	criteria_provided,_single_submitter
TP53		NC_000017.11:g.7670643C>G	0.0	Likely_benign	missense	reviewed_by_expert_panel
TP53		NC_000017.11:g.7670643C>T	0.0	Conflicting_classifications_of_pathogenicity	missense	criteria_provided,_conflicting_classifications
TP53		NC_000017.11:g.7670645G>A	0.0	Conflicting_classifications_of_pathogenicity	missense	criteria_provided,_conflicting_classifications
TP53		NC_000017.11:g.7670645G>C	0.0	Conflicting_classifications_of_pathogenicity	missense	criteria_provided,_conflicting_classifications
TP53		NC_000017.11:g.7670645G>T	0.0	Uncertain_significance	missense	criteria_provided,_multiple_submitters,_no_conflicts
TP53		NC_000017.11:g.7670645_7670666delinsTGC	0.0	Pathogenic	frameshift	criteria_provided,_single_submitter
TP53		NC_000017.11:g.7670646C>A	0.0	Uncertain_significance	missense	criteria_provided,_multiple_submitters,_no_conflicts
TP53		NC_000017.11:g.7670646C>T	0.0	Likely_benign	missense	criteria_provided,_single_submitter
TP53		NC_000017.11:g.7670648T>A	0.0	Benign	missense	criteria_provided,_single_submitter
TP53		NC_000017.11:g.7670648T>C	0.0	Conflicting_classifications_of_pathogenicity	missense	criteria_provided,_conflicting_classifications
TP53		NC_000017.11:g.7670648T>G	0.0	Likely_benign	missense	criteria_provided,_single_submitter
TP53		NC_000017.11:g.7670649G>A	0.0	Likely_pathogenic	utr	criteria_provided,_single_submitter
TP53		NC_000017.11:g.7670649G>C	0.0	Uncertain_significance	missense	criteria_provided,_single_submitter
TP53		NC_000017.11:g.7670649G>T	0.0	Benign	missense	reviewed_by_expert_panel
TP53		NC_000017.11:g.7670652C>A	0.0	Uncertain_significance	missense	criteria_provided,_single_submitter
TP53		NC_000017.11:g.7670653A>C	0.0	Conflicting_classifications_of_pathogenicity	missense	criteria_provided,_conflicting_classifications
TP53		NC_000017.11:g.7670654_7670655del	0.0	Likely_pathogenic	frameshift	criteria_provided,_single_submitter
TP53		NC_000017.11:g.7670654_7670663del	0.0	Likely_pathogenic	frameshift	criteria_provided,_single_submitter
TP53		NC_000017.11:g.7670656del	0.0	Likely_pathogenic	frameshift	criteria_provided,_single_submitter
TP53		NC_000017.11:g.7670655C>A	0.0	Conflicting_classifications_of_pathogenicity	missense	criteria_provided,_conflicting_classifications
TP53		NC_000017.11:g.7670655C>G	0.0	Uncertain_significance	missense	criteria_provided,_single_submitter
TP53		NC_000017.11:g.7670655C>T	0.0	Uncertain_significance	missense	criteria_provided,_single_submitter
TP53		NC_000017.11:g.7670656C>A	0.0	Uncertain_significance	missense	criteria_provided,_multiple_submitters,_no_conflicts
TP53		NC_000017.11:g.7670658del	0.0	Likely_pathogenic	frameshift	criteria_provided,_single_submitter
TP53		NC_000017.11:g.7670657T>C	0.0	Uncertain_significance	missense	criteria_provided,_single_submitter
TP53		NC_000017.11:g.7670658_7670665del	0.0	drug_response	frameshift	no_assertion_criteria_provided
TP53		NC_000017.11:g.7670658T>A	0.0	Pathogenic	utr	criteria_provided,_multiple_submitters,_no_conflicts
TP53		NC_000017.11:g.7670658T>C	0.0	Uncertain_significance	missense	criteria_provided,_multiple_submitters,_no_conflicts
TP53		NC_000017.11:g.7670660_7670661del	0.0	Pathogenic	frameshift	criteria_provided,_single_submitter
TP53		NC_000017.11:g.7670658_7670666delinsC	0.0	Pathogenic	utr	criteria_provided,_single_submitter
TP53		NC_000017.11:g.7670660del	0.0	Pathogenic	frameshift	criteria_provided,_single_submitter
TP53		NC_000017.11:g.7670660A>G	0.0	Uncertain_significance	missense	criteria_provided,_multiple_submitters,_no_conflicts
TP53		NC_000017.11:g.7670661G>A	0.0	Conflicting_classifications_of_pathogenicity	missense	criteria_provided,_conflicting_classifications
TP53		NC_000017.11:g.7670661G>C	0.0	Conflicting_classifications_of_pathogenicity	missense	criteria_provided,_conflicting_classifications
TP53		NC_000017.11:g.7670663T>C	0.0	Likely_benign	missense	criteria_provided,_single_submitter
TP53		NC_000017.11:g.7670664C>A	0.0	Pathogenic/Likely_pathogenic	utr	criteria_provided,_multiple_submitters,_no_conflicts
TP53		NC_000017.11:g.7670664C>G	0.0	Conflicting_classifications_of_pathogenicity	missense	criteria_provided,_conflicting_classifications
TP53		NC_000017.11:g.7670664C>T	0.0	Uncertain_significance	missense	criteria_provided,_single_submitter
TP53		NC_000017.11:g.7670667del	0.0	Likely_pathogenic	frameshift	criteria_provided,_single_submitter
TP53		NC_000017.11:g.7670666A>G	0.0	Uncertain_significance	missense	criteria_provided,_single_submitter
TP53		NC_000017.11:g.7670667A>C	0.0	Uncertain_significance	missense	criteria_provided,_single_submitter
TP53		NC_000017.11:g.7670669G>A	0.0	Uncertain_significance	missense	criteria_provided,_multiple_submitters,_no_conflicts
TP53		NC_000017.11:g.7670669G>C	0.0	Likely_benign	missense	criteria_provided,_single_submitter
TP53		NC_000017.11:g.7670669G>T	0.0	Pathogenic	missense	reviewed_by_expert_panel
TP53		NC_000017.11:g.7670669_7670670delinsAA	0.0	Uncertain_significance	missense	criteria_provided,_single_submitter
TP53		NC_000017.11:g.7670671del	0.0	Likely_pathogenic	frameshift	criteria_provided,_single_submitter
TP53		NC_000017.11:g.7670670C>A	0.0	Uncertain_significance	missense	criteria_provided,_single_submitter
TP53		NC_000017.11:g.7670670C>T	0.0	Uncertain_significance	missense	reviewed_by_expert_panel
TP53		NC_000017.11:g.7670671C>G	0.0	Conflicting_classifications_of_pathogenicity	missense	criteria_provided,_conflicting_classifications
TP53		NC_000017.11:g.7670672T>C	0.0	Conflicting_classifications_of_pathogenicity	missense	criteria_provided,_conflicting_classifications
TP53		NC_000017.11:g.7670673del	0.0	Pathogenic	frameshift	no_assertion_criteria_provided
TP53		NC_000017.11:g.7670673C>A	0.0	Pathogenic	utr	criteria_provided,_single_submitter
TP53		NC_000017.11:g.7670673C>T	0.0	Conflicting_classifications_of_pathogenicity	missense	criteria_provided,_conflicting_classifications
TP53		NC_000017.11:g.7670676_7670683del	0.0	Pathogenic	utr	no_assertion_criteria_provided
TP53		NC_000017.11:g.7670675T>C	0.0	Uncertain_significance	missense	criteria_provided,_single_submitter
TP53		NC_000017.11:g.7670678A>C	0.0	Conflicting_classifications_of_pathogenicity	missense	criteria_provided,_conflicting_classifications
TP53		NC_000017.11:g.7670678A>G	0.0	Likely_pathogenic	missense	reviewed_by_expert_panel
TP53		NC_000017.11:g.7670679G>C	0.0	Uncertain_significance	missense	criteria_provided,_multiple_submitters,_no_conflicts
TP53		NC_000017.11:g.7670679G>T	0.0	Uncertain_significance	missense	criteria_provided,_single_submitter
TP53		NC_000017.11:g.7670680C>A	0.0	Benign	missense	criteria_provided,_single_submitter
TP53		NC_000017.11:g.7670680C>G	0.0	Uncertain_significance	missense	criteria_provided,_single_submitter
TP53		NC_000017.11:g.7670681del	0.0	Pathogenic/Likely_pathogenic	frameshift	criteria_provided,_multiple_submitters,_no_conflicts
TP53		NC_000017.11:g.7670686_7670695del	0.0	Pathogenic	frameshift	criteria_provided,_single_submitter
TP53		NC_000017.11:g.7670682C>G	0.0	Conflicting_classifications_of_pathogenicity	missense	criteria_provided,_conflicting_classifications
TP53		NC_000017.11:g.7670684_7670685del	0.0	Pathogenic	frameshift	criteria_provided,_single_submitter
TP53		NC_000017.11:g.7670684C>A	0.0	Uncertain_significance	missense	criteria_provided,_single_submitter
TP53		NC_000017.11:g.7670684C>G	0.0	Pathogenic	missense	reviewed_by_expert_panel
TP53		NC_000017.11:g.7670684C>T	0.0	Likely_benign	missense	reviewed_by_expert_panel
TP53		NC_000017.11:g.7670684_7670685delinsAA	0.0	Benign	missense	criteria_provided,_single_submitter
TP53		NC_000017.11:g.7670686del	0.0	Pathogenic	frameshift	criteria_provided,_multiple_submitters,_no_conflicts
TP53		NC_000017.11:g.7670685G>A	0.0	Pathogenic	utr	criteria_provided,_multiple_submitters,_no_conflicts
TP53		NC_000017.11:g.7670685G>C	0.0	Uncertain_significance	missense	criteria_provided,_multiple_submitters,_no_conflicts
TP53		NC_000017.11:g.7670686G>C	0.0	Likely_benign	missense	criteria_provided,_single_submitter
TP53		NC_000017.11:g.7670686G>T	0.0	Conflicting_classifications_of_pathogenicity	missense	criteria_provided,_conflicting_classifications
TP53		NC_000017.11:g.7670688del	0.0	Pathogenic	frameshift	criteria_provided,_single_submitter
TP53		NC_000017.11:g.7670687_7670688delinsCT	0.0	Likely_pathogenic	missense	criteria_provided,_single_submitter
TP53		NC_000017.11:g.7670688A>T	0.0	Uncertain_significance	missense	criteria_provided,_single_submitter
TP53		NC_000017.11:g.7670688delinsTTC	0.0	Pathogenic	frameshift	criteria_provided,_single_submitter
TP53		NC_000017.11:g.7670689C>A	0.0	Likely_benign	missense	criteria_provided,_single_submitter
TP53		NC_000017.11:g.7670689C>G	0.0	Likely_benign	missense	criteria_provided,_single_submitter
TP53		NC_000017.11:g.7670689C>T	0.0	Conflicting_classifications_of_pathogenicity	missense	criteria_provided,_conflicting_classifications
TP53		NC_000017.11:g.7670690A>T	0.0	Uncertain_significance	missense	criteria_provided,_multiple_submitters,_no_conflicts
TP53		NC_000017.11:g.7670691del	0.0	Pathogenic	frameshift	criteria_provided,_single_submitter
TP53		NC_000017.11:g.7670693T>A	0.0	Conflicting_classifications_of_pathogenicity	missense	criteria_provided,_conflicting_classifications
TP53		NC_000017.11:g.7670693T>C	0.0	Conflicting_classifications_of_pathogenicity	missense	criteria_provided,_conflicting_classifications
TP53		NC_000017.11:g.7670694C>A	0.0	Pathogenic	utr	criteria_provided,_multiple_submitters,_no_conflicts
TP53		NC_000017.11:g.7670694_7670695insA	0.0	Pathogenic	utr	no_assertion_criteria_provided
TP53		NC_000017.11:g.7670695dup	0.0	Pathogenic	frameshift	criteria_provided,_single_submitter
TP53		NC_000017.11:g.7670694C>G	0.0	Likely_benign	missense	reviewed_by_expert_panel
TP53		NC_000017.11:g.7670694C>T	0.0	Conflicting_classifications_of_pathogenicity	missense	criteria_provided,_conflicting_classifications
TP53		NC_000017.11:g.7670695G>C	0.0	Conflicting_classifications_of_pathogenicity	missense	criteria_provided,_conflicting_classifications
TP53		NC_000017.11:g.7670696A>C	0.0	Uncertain_significance	missense	criteria_provided,_multiple_submitters,_no_conflicts
TP53		NC_000017.11:g.7670696A>G	0.0	Uncertain_significance	missense	criteria_provided,_multiple_submitters,_no_conflicts
TP53		NC_000017.11:g.7670698GC[1]	0.0	Pathogenic	frameshift	criteria_provided,_single_submitter
TP53		NC_000017.11:g.7670702_7670707del	0.0	Pathogenic	utr	criteria_provided,_single_submitter
TP53		NC_000017.11:g.7670699C>A	0.0	Likely_pathogenic	missense	reviewed_by_expert_panel
TP53		NC_000017.11:g.7670699C>G	0.0	Likely_pathogenic	missense	reviewed_by_expert_panel
TP53		NC_000017.11:g.7670699C>T	0.0	Pathogenic/Likely_pathogenic/Pathogenic,_low_penetrance	missense	criteria_provided,_multiple_submitters,_no_conflicts
TP53		NC_000017.11:g.7670700G>A	0.0	Pathogenic	missense	reviewed_by_expert_panel
TP53		NC_000017.11:g.7670700G>C	0.0	Likely_pathogenic	missense	reviewed_by_expert_panel
TP53		NC_000017.11:g.7670702_7670703dup	0.0	Pathogenic	frameshift	criteria_provided,_single_submitter
TP53		NC_000017.11:g.7670700G>T	0.0	Uncertain_significance	missense	reviewed_by_expert_panel
TP53		NC_000017.11:g.7670702T>C	0.0	Uncertain_significance	missense	criteria_provided,_single_submitter
TP53		NC_000017.11:g.7670707_7670712dup	0.0	Likely_pathogenic	utr	criteria_provided,_single_submitter
TP53		NC_000017.11:g.7670707_7670712del	0.0	Uncertain_significance	utr	criteria_provided,_single_submitter
TP53		NC_000017.11:g.7670703C>A	0.0	Likely_pathogenic	utr	criteria_provided,_single_submitter
TP53		NC_000017.11:g.7670703C>G	0.0	Likely_benign	missense	criteria_provided,_single_submitter
TP53		NC_000017.11:g.7670705C>A	0.0	Likely_benign	missense	criteria_provided,_single_submitter
TP53		NC_000017.11:g.7670705C>G	0.0	Uncertain_significance	missense	criteria_provided,_single_submitter
TP53		NC_000017.11:g.7670705C>T	0.0	Conflicting_classifications_of_pathogenicity	missense	criteria_provided,_conflicting_classifications
TP53		NC_000017.11:g.7670707_7670738del	0.0	Likely_pathogenic	splice_acceptor	no_assertion_criteria_provided
TP53		NC_000017.11:g.7670706G>A	0.0	Likely_benign	missense	reviewed_by_expert_panel
TP53		NC_000017.11:g.7670708C>T	0.0	Uncertain_significance	missense	criteria_provided,_multiple_submitters,_no_conflicts
TP53		NC_000017.11:g.7670711_7670720del	0.0	Likely_pathogenic	splice_acceptor	criteria_provided,_single_submitter
TP53		NC_000017.11:g.7670709C>A	0.0	Likely_pathogenic	missense	criteria_provided,_multiple_submitters,_no_conflicts
TP53		NC_000017.11:g.7670709C>G	0.0	Uncertain_significance	missense	reviewed_by_expert_panel
TP53		NC_000017.11:g.7670709C>T	0.0	Conflicting_classifications_of_pathogenicity	missense	criteria_provided,_conflicting_classifications
TP53		NC_000017.11:g.7670711C>T	0.0	Benign	missense	reviewed_by_expert_panel
TP53		NC_000017.11:g.7670713del	0.0	Pathogenic	frameshift	criteria_provided,_multiple_submitters,_no_conflicts
TP53		NC_000017.11:g.7670712_7670713del	0.0	Pathogenic	frameshift	no_assertion_criteria_provided
TP53		NC_000017.11:g.7670712G>A	0.0	Likely_benign	missense	reviewed_by_expert_panel
TP53		NC_000017.11:g.7670713G>C	0.0	Uncertain_significance	missense	criteria_provided,_single_submitter
TP53		NC_000017.11:g.7670714A>G	0.0	Uncertain_significance	missense	criteria_provided,_single_submitter
TP53		NC_000017.11:g.7670714A>T	0.0	Likely_pathogenic	missense	criteria_provided,_single_submitter
TP53		NC_000017.11:g.7670716C>G	0.0	Pathogenic/Likely_pathogenic	splice_acceptor	criteria_provided,_multiple_submitters,_no_conflicts
TP53		NC_000017.11:g.7670716C>T	0.0	Pathogenic/Likely_pathogenic	splice_acceptor	criteria_provided,_multiple_submitters,_no_conflicts
TP53		NC_000017.11:g.7670717T>C	0.0	Pathogenic/Likely_pathogenic	splice_acceptor	criteria_provided,_multiple_submitters,_no_conflicts
TP53		NC_000017.11:g.7670718del	0.0	Uncertain_significance	intronic	criteria_provided,_single_submitter
TP53		NC_000017.11:g.7670718G>C	0.0	Uncertain_significance	intronic	criteria_provided,_single_submitter
TP53		NC_000017.11:g.7670719C>T	0.0	Likely_benign	intronic	criteria_provided,_single_submitter
TP53		NC_000017.11:g.7670720_7670721insCC	0.0	Likely_benign	intronic	criteria_provided,_single_submitter
TP53		NC_000017.11:g.7670720A>C	0.0	Uncertain_significance	intronic	criteria_provided,_single_submitter
TP53		NC_000017.11:g.7670720A>G	0.0	Likely_benign	intronic	criteria_provided,_multiple_submitters,_no_conflicts
TP53		NC_000017.11:g.7670721G>A	0.0	Likely_benign	intronic	criteria_provided,_multiple_submitters,_no_conflicts
TP53		NC_000017.11:g.7670721G>C	0.0	Likely_benign	intronic	criteria_provided,_single_submitter
TP53		NC_000017.11:g.7670721G>T	0.0	Likely_benign	intronic	criteria_provided,_single_submitter
TP53		NC_000017.11:g.7670722C>T	0.0	Likely_benign	intronic	criteria_provided,_multiple_submitters,_no_conflicts
TP53		NC_000017.11:g.7670723A>C	0.0	Likely_benign	intronic	criteria_provided,_single_submitter
TP53		NC_000017.11:g.7670723A>G	0.0	Likely_benign	intronic	criteria_provided,_single_submitter
TP53		NC_000017.11:g.7670723A>T	0.0	Uncertain_significance	intronic	criteria_provided,_multiple_submitters,_no_conflicts
TP53		NC_000017.11:g.7670725C>G	0.0	Likely_benign	intronic	criteria_provided,_multiple_submitters,_no_conflicts
TP53		NC_000017.11:g.7670726AG[1]	0.0	Likely_benign	intronic	criteria_provided,_single_submitter
TP53		NC_000017.11:g.7670728AGG[1]	0.0	Likely_benign	intronic	criteria_provided,_multiple_submitters,_no_conflicts
TP53		NC_000017.11:g.7670727G>A	0.0	Likely_benign	intronic	criteria_provided,_multiple_submitters,_no_conflicts
TP53		NC_000017.11:g.7670727G>C	0.0	Likely_benign	intronic	criteria_provided,_single_submitter
TP53		NC_000017.11:g.7670728A>C	0.0	Uncertain_significance	intronic	criteria_provided,_single_submitter
TP53		NC_000017.11:g.7670730G>A	0.0	Likely_benign	intronic	criteria_provided,_multiple_submitters,_no_conflicts
TP53		NC_000017.11:g.7670736dup	0.0	Benign	intronic	criteria_provided,_single_submitter
TP53		NC_000017.11:g.7670731A>C	0.0	Likely_benign	intronic	criteria_provided,_single_submitter
TP53		NC_000017.11:g.7670736del	0.0	Benign	intronic	criteria_provided,_single_submitter
TP53		NC_000017.11:g.7670732G>A	0.0	Benign/Likely_benign	intronic	criteria_provided,_multiple_submitters,_no_conflicts
TP53		NC_000017.11:g.7670732G>C	0.0	Likely_benign	intronic	criteria_provided,_multiple_submitters,_no_conflicts
TP53		NC_000017.11:g.7670733_7670750dup	0.0	Benign	intronic	criteria_provided,_single_submitter
TP53		NC_000017.11:g.7670732G>T	0.0	Likely_benign	intronic	criteria_provided,_single_submitter
TP53		NC_000017.11:g.7670732_7670733delinsA	0.0	Likely_benign	intronic	criteria_provided,_single_submitter
TP53		NC_000017.11:g.7670733G>A	0.0	Likely_benign	intronic	criteria_provided,_single_submitter
TP53		NC_000017.11:g.7670733G>C	0.0	Likely_benign	intronic	criteria_provided,_single_submitter
TP53		NC_000017.11:g.7670733G>T	0.0	Likely_benign	intronic	criteria_provided,_single_submitter
TP53		NC_000017.11:g.7670734G>A	0.0	Likely_benign	intronic	criteria_provided,_single_submitter
TP53		NC_000017.11:g.7670740AGTA[1]	0.0	Uncertain_significance	intronic	criteria_provided,_single_submitter
TP53		NC_000017.11:g.7672958T>A	0.0	Benign	intronic	criteria_provided,_single_submitter
TP53		NC_000017.11:g.7673030C>T	0.0	Benign	intronic	criteria_provided,_single_submitter
TP53		NC_000017.11:g.7673143_7673144dup	0.0	Benign	intronic	criteria_provided,_single_submitter
TP53		NC_000017.11:g.7673144del	0.0	Benign	intronic	criteria_provided,_single_submitter
TP53		NC_000017.11:g.7673183G>A	0.0	Benign	intronic	criteria_provided,_multiple_submitters,_no_conflicts
TP53		NC_000017.11:g.7673207_7673222del	0.0	Conflicting_classifications_of_pathogenicity	splice_donor	criteria_provided,_conflicting_classifications
TP53		NC_000017.11:g.7673204T>C	0.0	Likely_benign	intronic	criteria_provided,_single_submitter
TP53		NC_000017.11:g.7673205_7673206insAGA	0.0	Likely_benign	splice_donor	criteria_provided,_single_submitter
TP53		NC_000017.11:g.7673217A>G	0.0	Likely_benign	intronic	criteria_provided,_single_submitter
TP53		NC_000017.11:g.7673218C>T	0.0	Likely_benign	intronic	criteria_provided,_single_submitter
TP53		NC_000017.11:g.7673221dup	0.0	Likely_benign	stop_lost	criteria_provided,_single_submitter
TP53		NC_000017.11:g.7673222CGA[1]	0.0	Likely_benign	intronic	no_assertion_criteria_provided
TP53		NC_000017.11:g.7673223G>A	0.0	Likely_benign	missense	criteria_provided,_multiple_submitters,_no_conflicts
TP53		NC_000017.11:g.7673226G>A	0.0	Conflicting_classifications_of_pathogenicity	missense	criteria_provided,_conflicting_classifications
TP53		NC_000017.11:g.7673228G>C	0.0	Likely_benign	missense	criteria_provided,_single_submitter
TP53		NC_000017.11:g.7673232A>T	0.0	Uncertain_significance	missense	criteria_provided,_single_submitter
TP53		NC_000017.11:g.7673245A>G	0.0	Likely_benign	missense	criteria_provided,_multiple_submitters,_no_conflicts
TP53		NC_000017.11:g.7673246C>T	0.0	Likely_benign	intronic	criteria_provided,_single_submitter
TP53		NC_000017.11:g.7673248A>G	0.0	Likely_benign	missense	criteria_provided,_multiple_submitters,_no_conflicts
TP53		NC_000017.11:g.7673250C>T	0.0	Likely_benign	missense	criteria_provided,_single_submitter
TP53		NC_000017.11:g.7673251G>A	0.0	Likely_benign	intronic	criteria_provided,_single_submitter
TP53		NC_000017.11:g.7673268T>C	0.0	Likely_benign	splice_acceptor	criteria_provided,_single_submitter
TP53		NC_000017.11:g.7673280del	0.0	Likely_benign	intronic	criteria_provided,_single_submitter
TP53		NC_000017.11:g.7673287G>A	0.0	Likely_benign	intronic	criteria_provided,_single_submitter
TP53		NC_000017.11:g.7673290C>T	0.0	Likely_benign	intronic	criteria_provided,_single_submitter
TP53		NC_000017.11:g.7673291C>G	0.0	Likely_benign	intronic	criteria_provided,_single_submitter
TP53		NC_000017.11:g.7673291C>T	0.0	Likely_benign	intronic	no_assertion_criteria_provided
TP53		NC_000017.11:g.7673295T>A	0.0	Likely_benign	intronic	criteria_provided,_single_submitter
TP53		NC_000017.11:g.7673301C>T	0.0	Likely_benign	intronic	criteria_provided,_multiple_submitters,_no_conflicts
TP53		NC_000017.11:g.7673303C>G	0.0	Likely_benign	intronic	criteria_provided,_single_submitter
TP53		NC_000017.11:g.7673308T>G	0.0	Likely_benign	stop_lost	criteria_provided,_multiple_submitters,_no_conflicts
TP53		NC_000017.11:g.7673312A>C	0.0	Benign/Likely_benign	missense	criteria_provided,_multiple_submitters,_no_conflicts
TP53		NC_000017.11:g.7673312A>G	0.0	Likely_benign	missense	criteria_provided,_single_submitter
TP53		NC_000017.11:g.7673319T>G	0.0	Likely_benign	missense	criteria_provided,_single_submitter
TP53		NC_000017.11:g.7673332G>A	0.0	Likely_benign	missense	criteria_provided,_single_submitter
TP53		NC_000017.11:g.7673336G>C	0.0	Likely_benign	missense	criteria_provided,_single_submitter
TP53		NC_000017.11:g.7673340C>T	0.0	Likely_benign	splice_acceptor	criteria_provided,_single_submitter
TP53		NC_000017.11:g.7673346A>G	0.0	Likely_benign	intronic	criteria_provided,_single_submitter
TP53		NC_000017.11:g.7673346A>T	0.0	Likely_benign	intronic	criteria_provided,_single_submitter
TP53		NC_000017.11:g.7673350T>C	0.0	Likely_benign	intronic	criteria_provided,_single_submitter
TP53		NC_000017.11:g.7673351A>G	0.0	Likely_benign	intronic	criteria_provided,_single_submitter
TP53		NC_000017.11:g.7673358G>A	0.0	Likely_benign	intronic	criteria_provided,_single_submitter
TP53		NC_000017.11:g.7673359G>A	0.0	Likely_benign	intronic	criteria_provided,_single_submitter
TP53		NC_000017.11:g.7673369GT[3]	0.0	Likely_benign	intronic	criteria_provided,_single_submitter
TP53		NC_000017.11:g.7673394C>T	0.0	Likely_benign	intronic	no_assertion_criteria_provided
TP53		NC_000017.11:g.7673449del	0.0	Uncertain_significance	intronic	no_assertion_criteria_provided
TP53		NC_000017.11:g.7673491G>T	0.0	Uncertain_significance	intronic	no_assertion_criteria_provided
TP53		NC_000017.11:g.7673503T>A	0.0	Uncertain_significance	intronic	criteria_provided,_single_submitter
TP53		NC_000017.11:g.7673508T>C	0.0	Uncertain_significance	intronic	criteria_provided,_single_submitter
TP53		NC_000017.11:g.7673515G>A	0.0	Likely_benign	intronic	criteria_provided,_single_submitter
TP53		NC_000017.11:g.7673516A>T	0.0	Likely_benign	intronic	criteria_provided,_single_submitter
TP53		NC_000017.11:g.7673517G>C	0.0	Likely_benign	intronic	criteria_provided,_single_submitter
TP53		NC_000017.11:g.7673518G>A	0.0	Likely_benign	intronic	criteria_provided,_single_submitter
TP53		NC_000017.11:g.7673519T>C	0.0	Likely_benign	intronic	criteria_provided,_single_submitter
TP53		NC_000017.11:g.7673520C>A	0.0	Likely_benign	intronic	criteria_provided,_single_submitter
TP53		NC_000017.11:g.7673520C>G	0.0	Likely_benign	intronic	criteria_provided,_single_submitter
TP53		NC_000017.11:g.7673520C>T	0.0	Likely_benign	intronic	criteria_provided,_single_submitter
TP53		NC_000017.11:g.7673521C>G	0.0	Likely_benign	intronic	criteria_provided,_single_submitter
TP53		NC_000017.11:g.7673522C>G	0.0	Benign/Likely_benign	intronic	criteria_provided,_multiple_submitters,_no_conflicts
TP53		NC_000017.11:g.7673522C>T	0.0	Likely_benign	intronic	criteria_provided,_single_submitter
TP53		NC_000017.11:g.7673522_7673523inv	0.0	Likely_benign	intronic	criteria_provided,_single_submitter
TP53		NC_000017.11:g.7673523A>G	0.0	Benign/Likely_benign	intronic	criteria_provided,_multiple_submitters,_no_conflicts
TP53		NC_000017.11:g.7673524A>G	0.0	Likely_benign	intronic	criteria_provided,_single_submitter
TP53		NC_000017.11:g.7673526A>G	0.0	Likely_benign	intronic	criteria_provided,_single_submitter
TP53		NC_000017.11:g.7673526_7673531delinsGGTGAAA	0.0	Uncertain_significance	intronic	criteria_provided,_single_submitter
TP53		NC_000017.11:g.7673529_7673532dup	0.0	Likely_benign	intronic	criteria_provided,_single_submitter
TP53		NC_000017.11:g.7673527C>G	0.0	Likely_benign	intronic	criteria_provided,_single_submitter
TP53		NC_000017.11:g.7673527C>T	0.0	Conflicting_classifications_of_pathogenicity	intronic	criteria_provided,_conflicting_classifications
TP53		NC_000017.11:g.7673530_7673551del	0.0	Likely_pathogenic	splice_donor	criteria_provided,_single_submitter
TP53		NC_000017.11:g.7673528T>C	0.0	Likely_benign	intronic	criteria_provided,_multiple_submitters,_no_conflicts
TP53		NC_000017.11:g.7673529T>A	0.0	Likely_benign	intronic	criteria_provided,_single_submitter
TP53		NC_000017.11:g.7673529T>C	0.0	Uncertain_significance	intronic	criteria_provided,_single_submitter
TP53		NC_000017.11:g.7673530A>C	0.0	Conflicting_classifications_of_pathogenicity	intronic	criteria_provided,_conflicting_classifications
TP53		NC_000017.11:g.7673530A>G	0.0	Uncertain_significance	intronic	criteria_provided,_multiple_submitters,_no_conflicts
TP53		NC_000017.11:g.7673531del	0.0	Uncertain_significance	intronic	criteria_provided,_single_submitter
TP53		NC_000017.11:g.7673531G>A	0.0	Conflicting_classifications_of_pathogenicity	intronic	criteria_provided,_conflicting_classifications
TP53		NC_000017.11:g.7673531G>C	0.0	Uncertain_significance	intronic	criteria_provided,_multiple_submitters,_no_conflicts
TP53		NC_000017.11:g.7673532T>A	0.0	Uncertain_significance	intronic	criteria_provided,_single_submitter
TP53		NC_000017.11:g.7673533A>C	0.0	Likely_pathogenic	splice_donor	criteria_provided,_multiple_submitters,_no_conflicts
TP53		NC_000017.11:g.7673533A>G	0.0	Pathogenic/Likely_pathogenic	splice_donor	criteria_provided,_multiple_submitters,_no_conflicts
TP53		NC_000017.11:g.7673535del	0.0	Likely_pathogenic	splice_donor	reviewed_by_expert_panel
TP53		NC_000017.11:g.7673533_7673541delinsTA	0.0	Likely_pathogenic	splice_donor	criteria_provided,_single_submitter
TP53		NC_000017.11:g.7673534C>A	0.0	Pathogenic	splice_donor	criteria_provided,_single_submitter
TP53		NC_000017.11:g.7673534C>G	0.0	Pathogenic/Likely_pathogenic	splice_donor	criteria_provided,_multiple_submitters,_no_conflicts
TP53		NC_000017.11:g.7673534C>T	0.0	Pathogenic/Likely_pathogenic	splice_donor	criteria_provided,_multiple_submitters,_no_conflicts
TP53		NC_000017.11:g.7673535_7673538del	0.0	Pathogenic	frameshift	criteria_provided,_single_submitter
TP53		NC_000017.11:g.7673535C>A	0.0	Uncertain_significance	missense	criteria_provided,_single_submitter
TP53		NC_000017.11:g.7673536_7673594dup	0.0	Likely_pathogenic	frameshift	criteria_provided,_single_submitter
TP53		NC_000017.11:g.7673535C>G	0.0	Uncertain_significance	missense	criteria_provided,_single_submitter
TP53		NC_000017.11:g.7673536T>C	0.0	Conflicting_classifications_of_pathogenicity	missense	criteria_provided,_conflicting_classifications
TP53		NC_000017.11:g.7673537G>A	0.0	Pathogenic	other	criteria_provided,_multiple_submitters,_no_conflicts
TP53		NC_000017.11:g.7673537G>C	0.0	Conflicting_classifications_of_pathogenicity	missense	criteria_provided,_conflicting_classifications
TP53		NC_000017.11:g.7673537G>T	0.0	Uncertain_significance	missense	criteria_provided,_multiple_submitters,_no_conflicts
TP53		NC_000017.11:g.7673539del	0.0	Pathogenic	frameshift	criteria_provided,_single_submitter
TP53		NC_000017.11:g.7673539A>C	0.0	Uncertain_significance	missense	criteria_provided,_single_submitter
TP53		NC_000017.11:g.7673539A>G	0.0	Uncertain_significance	missense	criteria_provided,_single_submitter
TP53		NC_000017.11:g.7673539A>T	0.0	Uncertain_significance	missense	criteria_provided,_single_submitter
TP53		NC_000017.11:g.7673542del	0.0	Pathogenic	frameshift	criteria_provided,_multiple_submitters,_no_conflicts
TP53		NC_000017.11:g.7673540G>A	0.0	Uncertain_significance	missense	criteria_provided,_single_submitter
TP53		NC_000017.11:g.7673545_7673563del	0.0	Pathogenic	frameshift	criteria_provided,_single_submitter
TP53		NC_000017.11:g.7673542G>A	0.0	Conflicting_classifications_of_pathogenicity	missense	criteria_provided,_conflicting_classifications
TP53		NC_000017.11:g.7673543_7673546dup	0.0	Pathogenic	frameshift	criteria_provided,_single_submitter
TP53		NC_000017.11:g.7673543T>C	0.0	Conflicting_classifications_of_pathogenicity	missense	criteria_provided,_conflicting_classifications
TP53		NC_000017.11:g.7673547dup	0.0	Pathogenic	frameshift	criteria_provided,_multiple_submitters,_no_conflicts
TP53		NC_000017.11:g.7673546_7673547dup	0.0	Pathogenic	frameshift	criteria_provided,_single_submitter
TP53		NC_000017.11:g.7673545A>G	0.0	Uncertain_significance	missense	criteria_provided,_single_submitter
TP53		NC_000017.11:g.7673547AT[1]	0.0	Pathogenic	frameshift	no_assertion_criteria_provided
TP53		NC_000017.11:g.7673547A>C	0.0	Likely_pathogenic	other	criteria_provided,_single_submitter
TP53		NC_000017.11:g.7673547A>T	0.0	Pathogenic	other	criteria_provided,_multiple_submitters,_no_conflicts
TP53		NC_000017.11:g.7673548T>C	0.0	Uncertain_significance	missense	criteria_provided,_single_submitter
TP53		NC_000017.11:g.7673550T>A	0.0	Uncertain_significance	missense	criteria_provided,_multiple_submitters,_no_conflicts
TP53		NC_000017.11:g.7673550T>G	0.0	Likely_benign	missense	criteria_provided,_single_submitter
TP53		NC_000017.11:g.7673551TC[3]	0.0	Pathogenic	frameshift	criteria_provided,_single_submitter
TP53		NC_000017.11:g.7673551T>A	0.0	Likely_pathogenic	missense	no_assertion_criteria_provided
TP53		NC_000017.11:g.7673552C>A	0.0	Pathogenic	other	criteria_provided,_multiple_submitters,_no_conflicts
TP53		NC_000017.11:g.7673554C>A	0.0	Conflicting_classifications_of_pathogenicity	missense	criteria_provided,_conflicting_classifications
TP53		NC_000017.11:g.7673554C>T	0.0	Conflicting_classifications_of_pathogenicity	missense	criteria_provided,_conflicting_classifications
TP53		NC_000017.11:g.7673555C>A	0.0	Pathogenic	other	criteria_provided,_multiple_submitters,_no_conflicts
TP53		NC_000017.11:g.7673555C>T	0.0	Conflicting_classifications_of_pathogenicity	missense	criteria_provided,_conflicting_classifications
TP53		NC_000017.11:g.7673556A>T	0.0	Likely_benign	missense	criteria_provided,_single_submitter
TP53		NC_000017.11:g.7673559del	0.0	Likely_pathogenic	frameshift	no_assertion_criteria_provided
TP53		NC_000017.11:g.7673558C>A	0.0	Uncertain_significance	missense	criteria_provided,_single_submitter
TP53		NC_000017.11:g.7673558C>G	0.0	Conflicting_classifications_of_pathogenicity	missense	criteria_provided,_conflicting_classifications
TP53		NC_000017.11:g.7673558C>T	0.0	Benign	missense	no_assertion_criteria_provided
TP53		NC_000017.11:g.7673560A>G	0.0	Uncertain_significance	missense	criteria_provided,_single_submitter
TP53		NC_000017.11:g.7673561G>C	0.0	Uncertain_significance	missense	criteria_provided,_single_submitter
TP53		NC_000017.11:g.7673565_7673580del	0.0	Pathogenic	frameshift	criteria_provided,_single_submitter
TP53		NC_000017.11:g.7673564del	0.0	Pathogenic	frameshift	criteria_provided,_single_submitter
TP53		NC_000017.11:g.7673563G>C	0.0	Uncertain_significance	missense	criteria_provided,_single_submitter
TP53		NC_000017.11:g.7673564G>A	0.0	Conflicting_classifications_of_pathogenicity	missense	criteria_provided,_conflicting_classifications
TP53		NC_000017.11:g.7673564G>C	0.0	Uncertain_significance	missense	criteria_provided,_single_submitter
TP53		NC_000017.11:g.7673564G>T	0.0	Uncertain_significance	missense	criteria_provided,_single_submitter
TP53		NC_000017.11:g.7673568CTT[1]	0.0	Uncertain_significance	other	criteria_provided,_multiple_submitters,_no_conflicts
TP53		NC_000017.11:g.7673566T>G	0.0	Uncertain_significance	missense	criteria_provided,_single_submitter
TP53		NC_000017.11:g.7673567T>A	0.0	Pathogenic	other	criteria_provided,_single_submitter
TP53		NC_000017.11:g.7673568del	0.0	Pathogenic	frameshift	criteria_provided,_single_submitter
TP53		NC_000017.11:g.7673569T>G	0.0	Uncertain_significance	missense	criteria_provided,_multiple_submitters,_no_conflicts
TP53		NC_000017.11:g.7673570T>A	0.0	Pathogenic	other	criteria_provided,_multiple_submitters,_no_conflicts
TP53		NC_000017.11:g.7673572T>G	0.0	Likely_benign	missense	criteria_provided,_single_submitter
TP53		NC_000017.11:g.7673577_7673580del	0.0	Pathogenic	frameshift	criteria_provided,_single_submitter
TP53		NC_000017.11:g.7673575G>A	0.0	Conflicting_classifications_of_pathogenicity	missense	criteria_provided,_conflicting_classifications
TP53		NC_000017.11:g.7673575G>C	0.0	Uncertain_significance	missense	criteria_provided,_single_submitter
TP53		NC_000017.11:g.7673576G>A	0.0	Benign	missense	no_assertion_criteria_provided
TP53		NC_000017.11:g.7673577C>A	0.0	Conflicting_classifications_of_pathogenicity	missense	criteria_provided,_conflicting_classifications
TP53		NC_000017.11:g.7673578del	0.0	Pathogenic	frameshift	criteria_provided,_single_submitter
TP53		NC_000017.11:g.7673578T>A	0.0	Uncertain_significance	missense	criteria_provided,_multiple_submitters,_no_conflicts
TP53		NC_000017.11:g.7673578T>C	0.0	Conflicting_classifications_of_pathogenicity	missense	criteria_provided,_conflicting_classifications
TP53		NC_000017.11:g.7673582del	0.0	Pathogenic	frameshift	criteria_provided,_single_submitter
TP53		NC_000017.11:g.7673579G>A	0.0	Pathogenic/Likely_pathogenic	other	criteria_provided,_multiple_submitters,_no_conflicts
TP53		NC_000017.11:g.7673579G>T	0.0	Benign	missense	reviewed_by_expert_panel
TP53		NC_000017.11:g.7673581G>A	0.0	Conflicting_classifications_of_pathogenicity	missense	criteria_provided,_conflicting_classifications
TP53		NC_000017.11:g.7673583AG[1]	0.0	Pathogenic	frameshift	criteria_provided,_multiple_submitters,_no_conflicts
TP53		NC_000017.11:g.7673583_7673592del	0.0	Pathogenic	frameshift	no_assertion_criteria_provided
TP53		NC_000017.11:g.7673582G>A	0.0	Conflicting_classifications_of_pathogenicity	missense	criteria_provided,_conflicting_classifications
TP53		NC_000017.11:g.7673583dup	0.0	Pathogenic	frameshift	criteria_provided,_single_submitter
TP53		NC_000017.11:g.7673582G>T	0.0	Likely_benign	missense	reviewed_by_expert_panel
TP53		NC_000017.11:g.7673583del	0.0	Pathogenic	frameshift	criteria_provided,_single_submitter
TP53		NC_000017.11:g.7673584G>A	0.0	Uncertain_significance	missense	criteria_provided,_single_submitter
TP53		NC_000017.11:g.7673584G>C	0.0	Uncertain_significance	missense	criteria_provided,_single_submitter
TP53		NC_000017.11:g.7673585A>G	0.0	Uncertain_significance	missense	criteria_provided,_single_submitter
TP53		NC_000017.11:g.7673585A>T	0.0	Likely_benign	missense	reviewed_by_expert_panel
TP53		NC_000017.11:g.7673587del	0.0	Pathogenic	frameshift	criteria_provided,_single_submitter
TP53		NC_000017.11:g.7673587G>A	0.0	Conflicting_classifications_of_pathogenicity	missense	criteria_provided,_conflicting_classifications
TP53		NC_000017.11:g.7673587G>C	0.0	Uncertain_significance	missense	criteria_provided,_multiple_submitters,_no_conflicts
TP53		NC_000017.11:g.7673590C>T	0.0	Likely_benign	missense	criteria_provided,_single_submitter
TP53		NC_000017.11:g.7673593G>A	0.0	Uncertain_significance	missense	criteria_provided,_multiple_submitters,_no_conflicts
TP53		NC_000017.11:g.7673593G>C	0.0	Benign	missense	reviewed_by_expert_panel
TP53		NC_000017.11:g.7673593G>T	0.0	Likely_benign	missense	criteria_provided,_single_submitter
TP53		NC_000017.11:g.7673594T>C	0.0	Uncertain_significance	missense	criteria_provided,_single_submitter
TP53		NC_000017.11:g.7673595del	0.0	Pathogenic	frameshift	no_assertion_criteria_provided
TP53		NC_000017.11:g.7673597dup	0.0	Pathogenic	frameshift	criteria_provided,_single_submitter
TP53		NC_000017.11:g.7673596T>C	0.0	Conflicting_classifications_of_pathogenicity	missense	criteria_provided,_conflicting_classifications
TP53		NC_000017.11:g.7673596T>G	0.0	Uncertain_significance	missense	criteria_provided,_multiple_submitters,_no_conflicts
TP53		NC_000017.11:g.7673597T>G	0.0	Conflicting_classifications_of_pathogenicity	missense	criteria_provided,_conflicting_classifications
TP53		NC_000017.11:g.7673598G>C	0.0	Likely_benign	missense	criteria_provided,_single_submitter
TP53		NC_000017.11:g.7673601_7673682dup	0.0	Likely_benign	splice_acceptor	criteria_provided,_single_submitter
TP53		NC_000017.11:g.7673598G>T	0.0	Conflicting_classifications_of_pathogenicity	missense	criteria_provided,_conflicting_classifications
TP53		NC_000017.11:g.7673599T>A	0.0	Uncertain_significance	missense	criteria_provided,_single_submitter
TP53		NC_000017.11:g.7673599T>C	0.0	Likely_benign	missense	criteria_provided,_single_submitter
TP53		NC_000017.11:g.7673600T>C	0.0	Conflicting_classifications_of_pathogenicity	missense	criteria_provided,_conflicting_classifications
TP53		NC_000017.11:g.7673600T>G	0.0	Uncertain_significance	missense	criteria_provided,_single_submitter
TP53		NC_000017.11:g.7673603del	0.0	Pathogenic	frameshift	criteria_provided,_single_submitter
TP53		NC_000017.11:g.7673602G>A	0.0	Uncertain_significance	missense	criteria_provided,_multiple_submitters,_no_conflicts
TP53		NC_000017.11:g.7673603G>A	0.0	Conflicting_classifications_of_pathogenicity	missense	criteria_provided,_conflicting_classifications
TP53		NC_000017.11:g.7673603G>T	0.0	Uncertain_significance	missense	criteria_provided,_single_submitter
TP53		NC_000017.11:g.7673605_7673611del	0.0	Likely_pathogenic	splice_acceptor	criteria_provided,_single_submitter
TP53		NC_000017.11:g.7673608del	0.0	Pathogenic	frameshift	criteria_provided,_single_submitter
TP53		NC_000017.11:g.7673609_7673613del	0.0	Likely_pathogenic	splice_acceptor	criteria_provided,_single_submitter
TP53		NC_000017.11:g.7673608G>A	0.0	Conflicting_classifications_of_pathogenicity	missense	criteria_provided,_conflicting_classifications
TP53		NC_000017.11:g.7673608G>C	0.0	Likely_benign	missense	criteria_provided,_single_submitter
TP53		NC_000017.11:g.7673609C>A	0.0	Pathogenic	splice_acceptor	criteria_provided,_multiple_submitters,_no_conflicts
TP53		NC_000017.11:g.7673609C>G	0.0	Pathogenic	splice_acceptor	criteria_provided,_single_submitter
TP53		NC_000017.11:g.7673609C>T	0.0	Pathogenic	splice_acceptor	criteria_provided,_multiple_submitters,_no_conflicts
TP53		NC_000017.11:g.7673610del	0.0	Likely_pathogenic	splice_acceptor	criteria_provided,_single_submitter
TP53		NC_000017.11:g.7673609_7673611delinsGAAAGGTGCAAGTGGAAAGAGGCAGT	0.0	Likely_pathogenic	splice_acceptor	criteria_provided,_single_submitter
TP53		NC_000017.11:g.7673610T>A	0.0	Likely_pathogenic	splice_acceptor	criteria_provided,_single_submitter
TP53		NC_000017.11:g.7673610T>C	0.0	Pathogenic/Likely_pathogenic	splice_acceptor	criteria_provided,_multiple_submitters,_no_conflicts
TP53		NC_000017.11:g.7673610T>G	0.0	Likely_pathogenic	splice_acceptor	criteria_provided,_single_submitter
TP53		NC_000017.11:g.7673618_7673629del	0.0	Conflicting_classifications_of_pathogenicity	intronic	criteria_provided,_conflicting_classifications
TP53		NC_000017.11:g.7673611A>G	0.0	Conflicting_classifications_of_pathogenicity	intronic	criteria_provided,_conflicting_classifications
TP53		NC_000017.11:g.7673612G>A	0.0	Likely_benign	intronic	criteria_provided,_multiple_submitters,_no_conflicts
TP53		NC_000017.11:g.7673612G>C	0.0	Likely_benign	intronic	criteria_provided,_multiple_submitters,_no_conflicts
TP53		NC_000017.11:g.7673613G>A	0.0	Conflicting_classifications_of_pathogenicity	intronic	criteria_provided,_conflicting_classifications
TP53		NC_000017.11:g.7673613G>T	0.0	Conflicting_classifications_of_pathogenicity	intronic	criteria_provided,_conflicting_classifications
TP53		NC_000017.11:g.7673614A>C	0.0	Uncertain_significance	intronic	criteria_provided,_single_submitter
TP53		NC_000017.11:g.7673614A>G	0.0	Likely_benign	intronic	criteria_provided,_multiple_submitters,_no_conflicts
TP53		NC_000017.11:g.7673615A>C	0.0	Likely_benign	intronic	criteria_provided,_multiple_submitters,_no_conflicts
TP53		NC_000017.11:g.7673616A>G	0.0	Likely_benign	intronic	criteria_provided,_multiple_submitters,_no_conflicts
TP53		NC_000017.11:g.7673617G>A	0.0	Conflicting_classifications_of_pathogenicity	intronic	criteria_provided,_conflicting_classifications
TP53		NC_000017.11:g.7673617G>T	0.0	Likely_benign	intronic	criteria_provided,_single_submitter
TP53		NC_000017.11:g.7673618A>G	0.0	Likely_benign	intronic	criteria_provided,_multiple_submitters,_no_conflicts
TP53		NC_000017.11:g.7673618A>T	0.0	Likely_benign	intronic	criteria_provided,_single_submitter
TP53		NC_000017.11:g.7673619G>A	0.0	Likely_benign	intronic	criteria_provided,_single_submitter
TP53		NC_000017.11:g.7673620G>A	0.0	Likely_benign	intronic	criteria_provided,_multiple_submitters,_no_conflicts
TP53		NC_000017.11:g.7673621C>A	0.0	Likely_benign	intronic	criteria_provided,_multiple_submitters,_no_conflicts
TP53		NC_000017.11:g.7673621C>G	0.0	Likely_benign	intronic	criteria_provided,_multiple_submitters,_no_conflicts
TP53		NC_000017.11:g.7673621C>T	0.0	Likely_benign	intronic	criteria_provided,_multiple_submitters,_no_conflicts
TP53		NC_000017.11:g.7673622A>G	0.0	Likely_benign	intronic	criteria_provided,_multiple_submitters,_no_conflicts
TP53		NC_000017.11:g.7673623A>G	0.0	Likely_benign	intronic	criteria_provided,_single_submitter
TP53		NC_000017.11:g.7673624G>A	0.0	Likely_benign	intronic	criteria_provided,_single_submitter
TP53		NC_000017.11:g.7673625G>T	0.0	Conflicting_classifications_of_pathogenicity	intronic	criteria_provided,_conflicting_classifications
TP53		NC_000017.11:g.7673627A>G	0.0	Likely_benign	intronic	criteria_provided,_single_submitter
TP53		NC_000017.11:g.7673628A>T	0.0	Likely_benign	intronic	criteria_provided,_single_submitter
TP53		NC_000017.11:g.7673669C>T	0.0	Likely_benign	intronic	criteria_provided,_single_submitter
TP53		NC_000017.11:g.7673678C>T	0.0	Likely_benign	intronic	criteria_provided,_single_submitter
TP53		NC_000017.11:g.7673683_7673694del	0.0	Likely_benign	intronic	criteria_provided,_single_submitter
TP53		NC_000017.11:g.7673680CTT[1]	0.0	Likely_benign	intronic	criteria_provided,_multiple_submitters,_no_conflicts
TP53		NC_000017.11:g.7673681T>C	0.0	Likely_benign	intronic	criteria_provided,_single_submitter
TP53		NC_000017.11:g.7673684T>C	0.0	Likely_benign	intronic	criteria_provided,_multiple_submitters,_no_conflicts
TP53		NC_000017.11:g.7673684_7673686delinsGATGATTCTCTTCGATTCCATTCGATAATTCCGTTTGATTCCGTTAGATGTTGATTCCATTCGAGTCAATTCGATGATAATTCCATTCAATTCTATGCGATGATTCCATTCCATTCCATTTGAAGATGATTCCATTCGAGACCATTCGATGATTGCATTCAATTCATTCGATGACGATTCCATTCAATTCCGTTCAATGTTTCCATTAGATTCCATCTGATGATGATTCCATTCGATTCCATTTGATGATGATTCCATGCGATTCCATTAGATGATGACTCCTTTCATTTCCATTCGATGATGATTCCATTCGTTTCCA	0.0	Uncertain_significance	intronic	criteria_provided,_single_submitter
TP53		NC_000017.11:g.7673684_7673686delinsGATGATTCTCTTCGATTCCATTCGATAATTCCGTTTTTTTCCGTTTGATGTTGATTCCATTCGATTCCATTCGATGATAATTCCATTCGATTCTATGCGATGATTCCATTCCATTCCATTTGAAGATGATTCCATTCGAGACCATTCGATGATTGCAGTCAATTCATTCGATGACGATTCCATTCAATTCCGTTCAATGATTCCATTTGATTCCATTTGATGTTGATTCCATTCGATTCCATTTTATGATGATTCCATGCAATTCCATTAGATGATGACTCCTTTCATTTCCATTCGATGATGATTCCATTCGTTTCCA	0.0	Likely_pathogenic	intronic	criteria_provided,_single_submitter
TP53		NC_000017.11:g.7673685T>C	0.0	Likely_benign	intronic	criteria_provided,_single_submitter
TP53		NC_000017.11:g.7673686del	0.0	Likely_benign	intronic	criteria_provided,_single_submitter
TP53		NC_000017.11:g.7673687_7673704del	0.0	Pathogenic	splice_donor	criteria_provided,_single_submitter
TP53		NC_000017.11:g.7673686G>A	0.0	Likely_benign	intronic	criteria_provided,_single_submitter
TP53		NC_000017.11:g.7673686G>C	0.0	Likely_benign	intronic	criteria_provided,_multiple_submitters,_no_conflicts
TP53		NC_000017.11:g.7673687T>A	0.0	Likely_benign	intronic	criteria_provided,_single_submitter
TP53		NC_000017.11:g.7673689del	0.0	Likely_benign	intronic	criteria_provided,_multiple_submitters,_no_conflicts
TP53		NC_000017.11:g.7673688C>A	0.0	Likely_benign	intronic	criteria_provided,_single_submitter
TP53		NC_000017.11:g.7673688C>T	0.0	Likely_benign	intronic	criteria_provided,_single_submitter
TP53		NC_000017.11:g.7673695_7673707del	0.0	Pathogenic/Likely_pathogenic	splice_donor	criteria_provided,_multiple_submitters,_no_conflicts
TP53		NC_000017.11:g.7673691G>C	0.0	Uncertain_significance	intronic	criteria_provided,_single_submitter
TP53		NC_000017.11:g.7673692C>G	0.0	Likely_benign	intronic	criteria_provided,_single_submitter
TP53		NC_000017.11:g.7673692C>T	0.0	Likely_benign	intronic	criteria_provided,_multiple_submitters,_no_conflicts
TP53		NC_000017.11:g.7673693T>G	0.0	Likely_benign	intronic	criteria_provided,_multiple_submitters,_no_conflicts
TP53		NC_000017.11:g.7673694T>G	0.0	Likely_benign	intronic	criteria_provided,_multiple_submitters,_no_conflicts
TP53		NC_000017.11:g.7673700_7673708del	0.0	Pathogenic/Likely_pathogenic	splice_donor	criteria_provided,_multiple_submitters,_no_conflicts
TP53		NC_000017.11:g.7673695G>A	0.0	Likely_benign	intronic	criteria_provided,_single_submitter
TP53		NC_000017.11:g.7673696C>A	0.0	Uncertain_significance	intronic	criteria_provided,_single_submitter
TP53		NC_000017.11:g.7673696C>G	0.0	Conflicting_classifications_of_pathogenicity	intronic	criteria_provided,_conflicting_classifications
TP53		NC_000017.11:g.7673696C>T	0.0	Uncertain_significance	intronic	criteria_provided,_single_submitter
TP53		NC_000017.11:g.7673696_7673703delinsTCCT	0.0	Likely_pathogenic	splice_donor	criteria_provided,_single_submitter
TP53		NC_000017.11:g.7673698T>A	0.0	Uncertain_significance	intronic	criteria_provided,_single_submitter
TP53		NC_000017.11:g.7673698T>C	0.0	Conflicting_classifications_of_pathogenicity	intronic	criteria_provided,_conflicting_classifications
TP53		NC_000017.11:g.7673699A>C	0.0	Pathogenic/Likely_pathogenic	splice_donor	criteria_provided,_multiple_submitters,_no_conflicts
TP53		NC_000017.11:g.7673699A>T	0.0	Likely_pathogenic	splice_donor	criteria_provided,_single_submitter
TP53		NC_000017.11:g.7673701del	0.0	Pathogenic	splice_donor	criteria_provided,_single_submitter
TP53		NC_000017.11:g.7673700C>A	0.0	Likely_pathogenic	splice_donor	criteria_provided,_single_submitter
TP53		NC_000017.11:g.7673705_7673729dup	0.0	Pathogenic/Likely_pathogenic	other	criteria_provided,_multiple_submitters,_no_conflicts
TP53		NC_000017.11:g.7673700C>G	0.0	Likely_pathogenic	splice_donor	criteria_provided,_multiple_submitters,_no_conflicts
TP53		NC_000017.11:g.7673700C>T	0.0	Pathogenic	splice_donor	reviewed_by_expert_panel
TP53		NC_000017.11:g.7673701C>G	0.0	Uncertain_significance	missense	criteria_provided,_multiple_submitters,_no_conflicts
TP53		NC_000017.11:g.7673701C>T	0.0	Conflicting_classifications_of_pathogenicity	missense	criteria_provided,_conflicting_classifications
TP53		NC_000017.11:g.7673704_7673705dup	0.0	Pathogenic	frameshift	criteria_provided,_single_submitter
TP53		NC_000017.11:g.7673704_7673716dup	0.0	Pathogenic	other	criteria_provided,_single_submitter
TP53		NC_000017.11:g.7673704_7673711dup	0.0	Pathogenic	frameshift	criteria_provided,_single_submitter
TP53		NC_000017.11:g.7673705_7673721dup	0.0	Pathogenic	frameshift	criteria_provided,_single_submitter
TP53		NC_000017.11:g.7673703C>T	0.0	Conflicting_classifications_of_pathogenicity	missense	criteria_provided,_conflicting_classifications
TP53		NC_000017.11:g.7673704G>A	0.0	Pathogenic	other	criteria_provided,_multiple_submitters,_no_conflicts
TP53		NC_000017.11:g.7673704G>C	0.0	Uncertain_significance	missense	criteria_provided,_single_submitter
TP53		NC_000017.11:g.7673707T>A	0.0	Pathogenic	other	criteria_provided,_multiple_submitters,_no_conflicts
TP53		NC_000017.11:g.7673708dup	0.0	Pathogenic	other	criteria_provided,_single_submitter
TP53		NC_000017.11:g.7673708_7673742dup	0.0	Pathogenic	frameshift	criteria_provided,_single_submitter
TP53		NC_000017.11:g.7673709G>A	0.0	Uncertain_significance	missense	criteria_provided,_multiple_submitters,_no_conflicts
TP53		NC_000017.11:g.7673709G>C	0.0	Uncertain_significance	missense	criteria_provided,_single_submitter
TP53		NC_000017.11:g.7673710_7673713dup	0.0	Pathogenic	frameshift	criteria_provided,_single_submitter
TP53		NC_000017.11:g.7673709_7673710delinsCCTTGCTTACCTC	0.0	Pathogenic	frameshift	criteria_provided,_single_submitter
TP53		NC_000017.11:g.7673710T>C	0.0	Conflicting_classifications_of_pathogenicity	missense	criteria_provided,_conflicting_classifications
TP53		NC_000017.11:g.7673715_7673728del	0.0	Pathogenic	frameshift	no_assertion_criteria_provided
TP53		NC_000017.11:g.7673711G>C	0.0	Uncertain_significance	missense	criteria_provided,_single_submitter
TP53		NC_000017.11:g.7673712_7673713insCCCC	0.0	Pathogenic	frameshift	no_assertion_criteria_provided
TP53		NC_000017.11:g.7673714_7673717dup	0.0	Pathogenic	frameshift	criteria_provided,_single_submitter
TP53		NC_000017.11:g.7673712C>T	0.0	Conflicting_classifications_of_pathogenicity	missense	criteria_provided,_conflicting_classifications
TP53		NC_000017.11:g.7673713T>C	0.0	Likely_benign	missense	reviewed_by_expert_panel
TP53		NC_000017.11:g.7673716del	0.0	Pathogenic	frameshift	criteria_provided,_single_submitter
TP53		NC_000017.11:g.7673715C>G	0.0	Likely_benign	missense	criteria_provided,_single_submitter
TP53		NC_000017.11:g.7673715C>T	0.0	Conflicting_classifications_of_pathogenicity	missense	criteria_provided,_conflicting_classifications
TP53		NC_000017.11:g.7673716C>G	0.0	Uncertain_significance	missense	criteria_provided,_single_submitter
TP53		NC_000017.11:g.7673716C>T	0.0	Conflicting_classifications_of_pathogenicity	missense	criteria_provided,_conflicting_classifications
TP53		NC_000017.11:g.7673722dup	0.0	Pathogenic	frameshift	criteria_provided,_multiple_submitters,_no_conflicts
TP53		NC_000017.11:g.7673721_7673722dup	0.0	Pathogenic	frameshift	criteria_provided,_single_submitter
TP53		NC_000017.11:g.7673722del	0.0	Pathogenic	frameshift	criteria_provided,_multiple_submitters,_no_conflicts
TP53		NC_000017.11:g.7673718G>A	0.0	Conflicting_classifications_of_pathogenicity	missense	criteria_provided,_conflicting_classifications
TP53		NC_000017.11:g.7673719G>A	0.0	Uncertain_significance	missense	criteria_provided,_single_submitter
TP53		NC_000017.11:g.7673719G>C	0.0	Uncertain_significance	missense	criteria_provided,_single_submitter
TP53		NC_000017.11:g.7673722_7673725del	0.0	Pathogenic	frameshift	criteria_provided,_single_submitter
TP53		NC_000017.11:g.7673721G>A	0.0	Likely_benign	missense	criteria_provided,_single_submitter
TP53		NC_000017.11:g.7673722G>A	0.0	Uncertain_significance	missense	criteria_provided,_single_submitter
TP53		NC_000017.11:g.7673722_7673723insT	0.0	Pathogenic	frameshift	criteria_provided,_single_submitter
TP53		NC_000017.11:g.7673724A>G	0.0	Uncertain_significance	missense	criteria_provided,_single_submitter
TP53		NC_000017.11:g.7673729_7673747dup	0.0	Pathogenic	frameshift	criteria_provided,_single_submitter
TP53		NC_000017.11:g.7673726C>G	0.0	Uncertain_significance	missense	criteria_provided,_single_submitter
TP53		NC_000017.11:g.7673727T>C	0.0	Uncertain_significance	missense	criteria_provided,_single_submitter
TP53		NC_000017.11:g.7673727T>G	0.0	Uncertain_significance	missense	criteria_provided,_single_submitter
TP53		NC_000017.11:g.7673728del	0.0	Pathogenic/Likely_pathogenic	frameshift	criteria_provided,_multiple_submitters,_no_conflicts
TP53		NC_000017.11:g.7673728_7673732del	0.0	Pathogenic	frameshift	no_assertion_criteria_provided
TP53		NC_000017.11:g.7673728C>A	0.0	Pathogenic	other	reviewed_by_expert_panel
TP53		NC_000017.11:g.7673729dup	0.0	Pathogenic	frameshift	criteria_provided,_single_submitter
TP53		NC_000017.11:g.7673728_7673729insT	0.0	Pathogenic	frameshift	criteria_provided,_single_submitter
TP53		NC_000017.11:g.7673728C>G	0.0	Conflicting_classifications_of_pathogenicity	missense	criteria_provided,_conflicting_classifications
TP53		NC_000017.11:g.7673728C>T	0.0	Benign	missense	reviewed_by_expert_panel
TP53		NC_000017.11:g.7673729G>C	0.0	Uncertain_significance	missense	criteria_provided,_multiple_submitters,_no_conflicts
TP53		NC_000017.11:g.7673732_7673750dup	0.0	Pathogenic	frameshift	criteria_provided,_multiple_submitters,_no_conflicts
TP53		NC_000017.11:g.7673729G>T	0.0	Uncertain_significance	missense	criteria_provided,_single_submitter
TP53		NC_000017.11:g.7673730del	0.0	Pathogenic	frameshift	criteria_provided,_single_submitter
TP53		NC_000017.11:g.7673730T>C	0.0	Uncertain_significance	missense	criteria_provided,_multiple_submitters,_no_conflicts
TP53		NC_000017.11:g.7673734_7673778del	0.0	Likely_pathogenic	other	no_assertion_criteria_provided
TP53		NC_000017.11:g.7673731G>A	0.0	Uncertain_significance	missense	criteria_provided,_single_submitter
TP53		NC_000017.11:g.7673733T>C	0.0	Likely_pathogenic	missense	no_assertion_criteria_provided
TP53		NC_000017.11:g.7673749_7673750insTTTTTTTTTTTTTTTTTTTTNNNNNNNNNNGAGGCCGACGGGAGAGCGAGAGGGAGCCGGGAGAGGGAGAGGGAGACGGGAGAGGGAGAGGGAGACGGGAGACGGAGACGGGCCGAGGCTCCCCTTTCTT	0.0	Pathogenic	frameshift	criteria_provided,_single_submitter
TP53		NC_000017.11:g.7673734G>A	0.0	Likely_benign	missense	reviewed_by_expert_panel
TP53		NC_000017.11:g.7673736G>A	0.0	Conflicting_classifications_of_pathogenicity	missense	criteria_provided,_conflicting_classifications
TP53		NC_000017.11:g.7673739_7673751dup	0.0	Pathogenic	frameshift	criteria_provided,_single_submitter
TP53		NC_000017.11:g.7673736G>T	0.0	Uncertain_significance	missense	criteria_provided,_single_submitter
TP53		NC_000017.11:g.7673737G>A	0.0	Likely_benign	missense	reviewed_by_expert_panel
TP53		NC_000017.11:g.7673740_7673744del	0.0	Likely_pathogenic	frameshift	criteria_provided,_single_submitter
TP53		NC_000017.11:g.7673739T>G	0.0	Uncertain_significance	missense	criteria_provided,_single_submitter
TP53		NC_000017.11:g.7673743dup	0.0	Pathogenic	frameshift	criteria_provided,_single_submitter
TP53		NC_000017.11:g.7673743del	0.0	Pathogenic	frameshift	criteria_provided,_multiple_submitters,_no_conflicts
TP53		NC_000017.11:g.7673740C>A	0.0	Pathogenic	other	criteria_provided,_multiple_submitters,_no_conflicts
TP53		NC_000017.11:g.7673740C>T	0.0	Uncertain_significance	missense	criteria_provided,_single_submitter
TP53		NC_000017.11:g.7673744_7673772dup	0.0	Pathogenic	frameshift	criteria_provided,_single_submitter
TP53		NC_000017.11:g.7673743C>A	0.0	Likely_benign	missense	reviewed_by_expert_panel
TP53		NC_000017.11:g.7673746dup	0.0	Pathogenic	frameshift	criteria_provided,_single_submitter
TP53		NC_000017.11:g.7673743C>G	0.0	Uncertain_significance	missense	criteria_provided,_single_submitter
TP53		NC_000017.11:g.7673743C>T	0.0	Conflicting_classifications_of_pathogenicity	missense	criteria_provided,_conflicting_classifications
TP53		NC_000017.11:g.7673744T>A	0.0	Uncertain_significance	missense	criteria_provided,_multiple_submitters,_no_conflicts
TP53		NC_000017.11:g.7673744T>G	0.0	Uncertain_significance	missense	criteria_provided,_single_submitter
TP53		NC_000017.11:g.7673745T>A	0.0	Uncertain_significance	missense	criteria_provided,_multiple_submitters,_no_conflicts
TP53		NC_000017.11:g.7673745T>C	0.0	Likely_benign	missense	reviewed_by_expert_panel
TP53		NC_000017.11:g.7673745T>G	0.0	Conflicting_classifications_of_pathogenicity	missense	criteria_provided,_conflicting_classifications
TP53		NC_000017.11:g.7673746T>A	0.0	Pathogenic	other	criteria_provided,_single_submitter
TP53		NC_000017.11:g.7673746T>C	0.0	Conflicting_classifications_of_pathogenicity	missense	criteria_provided,_conflicting_classifications
TP53		NC_000017.11:g.7673748_7673751del	0.0	Pathogenic	frameshift	criteria_provided,_single_submitter
TP53		NC_000017.11:g.7673747C>G	0.0	Conflicting_classifications_of_pathogenicity	missense	criteria_provided,_conflicting_classifications
TP53		NC_000017.11:g.7673749T>C	0.0	Uncertain_significance	missense	criteria_provided,_multiple_submitters,_no_conflicts
TP53		NC_000017.11:g.7673749T>G	0.0	Uncertain_significance	missense	criteria_provided,_single_submitter
TP53		NC_000017.11:g.7673750dup	0.0	Pathogenic	frameshift	criteria_provided,_single_submitter
TP53		NC_000017.11:g.7673749_7673750delinsGT	0.0	Uncertain_significance	missense	criteria_provided,_single_submitter
TP53		NC_000017.11:g.7673750_7673751insGCGGAGATTCTCTTCCTCA	0.0	Likely_pathogenic	frameshift	criteria_provided,_single_submitter
TP53		NC_000017.11:g.7673751C>A	0.0	Uncertain_significance	missense	criteria_provided,_multiple_submitters,_no_conflicts
TP53		NC_000017.11:g.7673753dup	0.0	Pathogenic	frameshift	criteria_provided,_single_submitter
TP53		NC_000017.11:g.7673751C>G	0.0	Uncertain_significance	missense	criteria_provided,_single_submitter
TP53		NC_000017.11:g.7673751C>T	0.0	Benign	missense	reviewed_by_expert_panel
TP53		NC_000017.11:g.7673753del	0.0	Pathogenic	frameshift	criteria_provided,_single_submitter
TP53		NC_000017.11:g.7673752G>A	0.0	Likely_benign	missense	reviewed_by_expert_panel
TP53		NC_000017.11:g.7673752G>C	0.0	Conflicting_classifications_of_pathogenicity	missense	criteria_provided,_conflicting_classifications
TP53		NC_000017.11:g.7673754_7673773dup	0.0	Pathogenic	frameshift	criteria_provided,_single_submitter
TP53		NC_000017.11:g.7673752_7673753delinsTT	0.0	Uncertain_significance	missense	criteria_provided,_single_submitter
TP53		NC_000017.11:g.7673754A>G	0.0	Likely_benign	missense	reviewed_by_expert_panel
TP53		NC_000017.11:g.7673755G>A	0.0	Conflicting_classifications_of_pathogenicity	missense	criteria_provided,_conflicting_classifications
TP53		NC_000017.11:g.7673755G>C	0.0	Conflicting_classifications_of_pathogenicity	missense	criteria_provided,_conflicting_classifications
TP53		NC_000017.11:g.7673755G>T	0.0	Conflicting_classifications_of_pathogenicity	missense	criteria_provided,_conflicting_classifications
TP53		NC_000017.11:g.7673757_7673805del	0.0	Likely_pathogenic	frameshift	criteria_provided,_single_submitter
TP53		NC_000017.11:g.7673758dup	0.0	Pathogenic	frameshift	criteria_provided,_single_submitter
TP53		NC_000017.11:g.7673772_7673773insCTTCTCTTCCTCTGTGC	0.0	Pathogenic	frameshift	criteria_provided,_single_submitter
TP53		NC_000017.11:g.7673758del	0.0	Pathogenic/Likely_pathogenic	frameshift	criteria_provided,_multiple_submitters,_no_conflicts
TP53		NC_000017.11:g.7673757T>G	0.0	Uncertain_significance	missense	criteria_provided,_single_submitter
TP53		NC_000017.11:g.7673759CT[3]	0.0	Pathogenic	frameshift	criteria_provided,_single_submitter
TP53		NC_000017.11:g.7673763_7673782del	0.0	Pathogenic	frameshift	criteria_provided,_single_submitter
TP53		NC_000017.11:g.7673758T>C	0.0	Uncertain_significance	missense	criteria_provided,_single_submitter
TP53		NC_000017.11:g.7673759del	0.0	Pathogenic	frameshift	criteria_provided,_single_submitter
TP53		NC_000017.11:g.7673759C>A	0.0	Uncertain_significance	missense	criteria_provided,_multiple_submitters,_no_conflicts
TP53		NC_000017.11:g.7673759C>G	0.0	Conflicting_classifications_of_pathogenicity	missense	criteria_provided,_conflicting_classifications
TP53		NC_000017.11:g.7673760_7673770del	0.0	Pathogenic	frameshift	criteria_provided,_single_submitter
TP53		NC_000017.11:g.7673761C>T	0.0	Conflicting_classifications_of_pathogenicity	missense	criteria_provided,_conflicting_classifications
TP53		NC_000017.11:g.7673763del	0.0	Pathogenic	frameshift	criteria_provided,_single_submitter
TP53		NC_000017.11:g.7673762T>G	0.0	Uncertain_significance	missense	criteria_provided,_single_submitter
TP53		NC_000017.11:g.7673763_7673772del	0.0	Pathogenic	frameshift	criteria_provided,_single_submitter
TP53		NC_000017.11:g.7673763T>A	0.0	Uncertain_significance	missense	criteria_provided,_single_submitter
TP53		NC_000017.11:g.7673763T>C	0.0	Conflicting_classifications_of_pathogenicity	missense	criteria_provided,_conflicting_classifications
TP53		NC_000017.11:g.7673763T>G	0.0	Likely_pathogenic	missense	criteria_provided,_single_submitter
TP53		NC_000017.11:g.7673765del	0.0	Pathogenic	frameshift	criteria_provided,_single_submitter
TP53		NC_000017.11:g.7673764_7673767del	0.0	Pathogenic	frameshift	criteria_provided,_single_submitter
TP53		NC_000017.11:g.7673764C>A	0.0	Pathogenic	other	criteria_provided,_single_submitter
TP53		NC_000017.11:g.7673764C>G	0.0	Conflicting_classifications_of_pathogenicity	missense	criteria_provided,_conflicting_classifications
TP53		NC_000017.11:g.7673764C>T	0.0	Pathogenic/Likely_pathogenic	missense	criteria_provided,_multiple_submitters,_no_conflicts
TP53		NC_000017.11:g.7673765_7673769del	0.0	Pathogenic	frameshift	criteria_provided,_single_submitter
TP53		NC_000017.11:g.7673772_7673773insCCGGCGCCGGGAGAGGGGCTAGGATCGGATCTGTGC	0.0	Uncertain_significance	other	criteria_provided,_single_submitter
TP53		NC_000017.11:g.7673766T>A	0.0	Pathogenic	missense	criteria_provided,_single_submitter
TP53		NC_000017.11:g.7673766T>C	0.0	Uncertain_significance	missense	criteria_provided,_multiple_submitters,_no_conflicts
TP53		NC_000017.11:g.7673768_7673775dup	0.0	Pathogenic	frameshift	criteria_provided,_single_submitter
TP53		NC_000017.11:g.7673768_7673794del	0.0	Likely_pathogenic	other	criteria_provided,_single_submitter
TP53		NC_000017.11:g.7673767C>A	0.0	Pathogenic	other	criteria_provided,_single_submitter
TP53		NC_000017.11:g.7673767C>G	0.0	Uncertain_significance	missense	criteria_provided,_multiple_submitters,_no_conflicts
TP53		NC_000017.11:g.7673767C>T	0.0	Pathogenic/Likely_pathogenic	missense	criteria_provided,_multiple_submitters,_no_conflicts
TP53		NC_000017.11:g.7673770_7673773del	0.0	Pathogenic	frameshift	criteria_provided,_single_submitter
TP53		NC_000017.11:g.7673769_7673773del	0.0	Pathogenic	frameshift	criteria_provided,_single_submitter
TP53		NC_000017.11:g.7673769G>A	0.0	Likely_benign	missense	reviewed_by_expert_panel
TP53		NC_000017.11:g.7673769G>C	0.0	Uncertain_significance	missense	criteria_provided,_single_submitter
TP53		NC_000017.11:g.7673769_7673782delinsATTTGGTCA	0.0	Pathogenic	other	criteria_provided,_single_submitter
TP53		NC_000017.11:g.7673770T>A	0.0	Conflicting_classifications_of_pathogenicity	missense	criteria_provided,_conflicting_classifications
TP53		NC_000017.11:g.7673770T>C	0.0	Conflicting_classifications_of_pathogenicity	missense	criteria_provided,_conflicting_classifications
TP53		NC_000017.11:g.7673770T>G	0.0	Conflicting_classifications_of_pathogenicity	missense	criteria_provided,_conflicting_classifications
TP53		NC_000017.11:g.7673771GC[1]	0.0	Pathogenic	frameshift	criteria_provided,_multiple_submitters,_no_conflicts
TP53		NC_000017.11:g.7673774_7673776dup	0.0	Uncertain_significance	other	criteria_provided,_single_submitter
TP53		NC_000017.11:g.7673773_7673790dup	0.0	Uncertain_significance	other	criteria_provided,_multiple_submitters,_no_conflicts
TP53		NC_000017.11:g.7673773dup	0.0	Pathogenic	frameshift	criteria_provided,_multiple_submitters,_no_conflicts
TP53		NC_000017.11:g.7673772C>G	0.0	Conflicting_classifications_of_pathogenicity	missense	criteria_provided,_conflicting_classifications
TP53		NC_000017.11:g.7673772delinsGG	0.0	Pathogenic	frameshift	criteria_provided,_single_submitter
TP53		NC_000017.11:g.7673772C>T	0.0	Uncertain_significance	missense	criteria_provided,_multiple_submitters,_no_conflicts
TP53		NC_000017.11:g.7673772_7673782delinsTG	0.0	Likely_pathogenic	other	criteria_provided,_single_submitter
TP53		NC_000017.11:g.7673773G>A	0.0	Likely_benign	missense	reviewed_by_expert_panel
TP53		NC_000017.11:g.7673773G>C	0.0	Uncertain_significance	missense	criteria_provided,_multiple_submitters,_no_conflicts
TP53		NC_000017.11:g.7673773_7673774insTGT	0.0	Uncertain_significance	other	criteria_provided,_single_submitter
TP53		NC_000017.11:g.7673775del	0.0	Pathogenic	frameshift	criteria_provided,_single_submitter
TP53		NC_000017.11:g.7673773_7673776delinsCT	0.0	Pathogenic	frameshift	criteria_provided,_single_submitter
TP53		NC_000017.11:g.7673776_7673784del	0.0	Likely_pathogenic	other	criteria_provided,_single_submitter
TP53		NC_000017.11:g.7673776_7673785del	0.0	Pathogenic	frameshift	criteria_provided,_single_submitter
TP53		NC_000017.11:g.7673773_7673783delinsTT	0.0	Uncertain_significance	other	criteria_provided,_single_submitter
TP53		NC_000017.11:g.7673775CT[2]TG[2]C[1]	0.0	Pathogenic	frameshift	criteria_provided,_single_submitter
TP53		NC_000017.11:g.7673775C>A	0.0	Uncertain_significance	missense	reviewed_by_expert_panel
TP53		NC_000017.11:g.7673776_7673778dup	0.0	Uncertain_significance	other	criteria_provided,_single_submitter
TP53		NC_000017.11:g.7673775C>G	0.0	Pathogenic/Likely_pathogenic	missense	criteria_provided,_multiple_submitters,_no_conflicts
TP53		NC_000017.11:g.7673775C>T	0.0	Conflicting_classifications_of_pathogenicity	missense	criteria_provided,_conflicting_classifications
TP53		NC_000017.11:g.7673777del	0.0	Pathogenic	frameshift	criteria_provided,_multiple_submitters,_no_conflicts
TP53		NC_000017.11:g.7673776G>A	0.0	Pathogenic/Likely_pathogenic	missense	criteria_provided,_multiple_submitters,_no_conflicts
TP53		NC_000017.11:g.7673776G>C	0.0	Pathogenic	missense	criteria_provided,_multiple_submitters,_no_conflicts
TP53		NC_000017.11:g.7673777G>C	0.0	Conflicting_classifications_of_pathogenicity	missense	criteria_provided,_conflicting_classifications
TP53		NC_000017.11:g.7673777_7673778insC	0.0	Pathogenic	frameshift	criteria_provided,_single_submitter
TP53		NC_000017.11:g.7673778TC[5]	0.0	Pathogenic	frameshift	criteria_provided,_multiple_submitters,_no_conflicts
TP53		NC_000017.11:g.7673777G>T	0.0	Pathogenic/Likely_pathogenic	missense	criteria_provided,_multiple_submitters,_no_conflicts
TP53		NC_000017.11:g.7673778TC[2]	0.0	Pathogenic	frameshift	criteria_provided,_single_submitter
TP53		NC_000017.11:g.7673778T>A	0.0	Pathogenic/Likely_pathogenic	missense	criteria_provided,_multiple_submitters,_no_conflicts
TP53		NC_000017.11:g.7673778T>C	0.0	Pathogenic	missense	criteria_provided,_multiple_submitters,_no_conflicts
TP53		NC_000017.11:g.7673778T>G	0.0	Pathogenic/Likely_pathogenic	missense	criteria_provided,_multiple_submitters,_no_conflicts
TP53		NC_000017.11:g.7673779C>A	0.0	Pathogenic/Likely_pathogenic	missense	criteria_provided,_multiple_submitters,_no_conflicts
TP53		NC_000017.11:g.7673779C>G	0.0	Pathogenic/Likely_pathogenic	missense	criteria_provided,_multiple_submitters,_no_conflicts
TP53		NC_000017.11:g.7673779C>T	0.0	Pathogenic/Likely_pathogenic	missense	criteria_provided,_multiple_submitters,_no_conflicts
TP53		NC_000017.11:g.7673780_7673782del	0.0	Pathogenic	other	criteria_provided,_single_submitter
TP53		NC_000017.11:g.7673780T>A	0.0	Conflicting_classifications_of_pathogenicity	missense	criteria_provided,_conflicting_classifications
TP53		NC_000017.11:g.7673780T>G	0.0	Pathogenic/Likely_pathogenic	missense	criteria_provided,_multiple_submitters,_no_conflicts
TP53		NC_000017.11:g.7673781del	0.0	Pathogenic	frameshift	criteria_provided,_single_submitter
TP53		NC_000017.11:g.7673780_7673782delinsGAG	0.0	Uncertain_significance	missense	criteria_provided,_single_submitter
TP53		NC_000017.11:g.7673781C>A	0.0	Conflicting_classifications_of_pathogenicity	missense	criteria_provided,_conflicting_classifications
TP53		NC_000017.11:g.7673781C>G	0.0	Pathogenic/Likely_pathogenic	missense	criteria_provided,_multiple_submitters,_no_conflicts
TP53		NC_000017.11:g.7673781C>T	0.0	Conflicting_classifications_of_pathogenicity	missense	criteria_provided,_conflicting_classifications
TP53		NC_000017.11:g.7673782T>C	0.0	Conflicting_classifications_of_pathogenicity	missense	criteria_provided,_conflicting_classifications
TP53		NC_000017.11:g.7673785del	0.0	Pathogenic	frameshift	criteria_provided,_multiple_submitters,_no_conflicts
TP53		NC_000017.11:g.7673784C>A	0.0	Uncertain_significance	missense	criteria_provided,_single_submitter
TP53		NC_000017.11:g.7673784C>T	0.0	Conflicting_classifications_of_pathogenicity	missense	criteria_provided,_conflicting_classifications
TP53		NC_000017.11:g.7673789_7673793del	0.0	Pathogenic	frameshift	criteria_provided,_single_submitter
TP53		NC_000017.11:g.7673785C>T	0.0	Conflicting_classifications_of_pathogenicity	missense	criteria_provided,_conflicting_classifications
TP53		NC_000017.11:g.7673788del	0.0	Pathogenic	frameshift	criteria_provided,_single_submitter
TP53		NC_000017.11:g.7673787G>A	0.0	Pathogenic	missense	criteria_provided,_multiple_submitters,_no_conflicts
TP53		NC_000017.11:g.7673787G>C	0.0	Conflicting_classifications_of_pathogenicity	missense	criteria_provided,_conflicting_classifications
TP53		NC_000017.11:g.7673787G>T	0.0	Conflicting_classifications_of_pathogenicity	missense	criteria_provided,_conflicting_classifications
TP53		NC_000017.11:g.7673788G>A	0.0	Pathogenic/Likely_pathogenic	missense	criteria_provided,_multiple_submitters,_no_conflicts
TP53		NC_000017.11:g.7673788G>C	0.0	Conflicting_classifications_of_pathogenicity	missense	criteria_provided,_conflicting_classifications
TP53		NC_000017.11:g.7673788G>T	0.0	Pathogenic/Likely_pathogenic	missense	criteria_provided,_multiple_submitters,_no_conflicts
TP53		NC_000017.11:g.7673791_7673806del	0.0	Pathogenic	frameshift	criteria_provided,_single_submitter
TP53		NC_000017.11:g.7673790_7673792dup	0.0	Uncertain_significance	other	criteria_provided,_single_submitter
TP53		NC_000017.11:g.7673789A>C	0.0	Uncertain_significance	missense	criteria_provided,_multiple_submitters,_no_conflicts
TP53		NC_000017.11:g.7673789A>T	0.0	Pathogenic	other	criteria_provided,_multiple_submitters,_no_conflicts
TP53		NC_000017.11:g.7673790C>A	0.0	Conflicting_classifications_of_pathogenicity	missense	criteria_provided,_conflicting_classifications
TP53		NC_000017.11:g.7673790C>G	0.0	Uncertain_significance	missense	criteria_provided,_multiple_submitters,_no_conflicts
TP53		NC_000017.11:g.7673790C>T	0.0	Conflicting_classifications_of_pathogenicity	missense	criteria_provided,_conflicting_classifications
TP53		NC_000017.11:g.7673791A>C	0.0	Uncertain_significance	missense	criteria_provided,_multiple_submitters,_no_conflicts
TP53		NC_000017.11:g.7673791A>G	0.0	Conflicting_classifications_of_pathogenicity	missense	criteria_provided,_conflicting_classifications
TP53		NC_000017.11:g.7673793G>A	0.0	Uncertain_significance	missense	criteria_provided,_single_submitter
TP53		NC_000017.11:g.7673793G>C	0.0	Pathogenic	missense	criteria_provided,_multiple_submitters,_no_conflicts
TP53		NC_000017.11:g.7673793G>T	0.0	Conflicting_classifications_of_pathogenicity	missense	criteria_provided,_conflicting_classifications
TP53		NC_000017.11:g.7673795_7673807del	0.0	Pathogenic	frameshift	criteria_provided,_single_submitter
TP53		NC_000017.11:g.7673794C>G	0.0	Conflicting_classifications_of_pathogenicity	missense	criteria_provided,_conflicting_classifications
TP53		NC_000017.11:g.7673794C>T	0.0	Uncertain_significance	missense	criteria_provided,_multiple_submitters,_no_conflicts
TP53		NC_000017.11:g.7673795del	0.0	Pathogenic	frameshift	criteria_provided,_single_submitter
TP53		NC_000017.11:g.7673794_7673802delinsTGT	0.0	Uncertain_significance	other	criteria_provided,_single_submitter
TP53		NC_000017.11:g.7673795A>C	0.0	Likely_pathogenic	missense	criteria_provided,_single_submitter
TP53		NC_000017.11:g.7673795A>T	0.0	Pathogenic	other	criteria_provided,_single_submitter
TP53		NC_000017.11:g.7673796C>A	0.0	Pathogenic	missense	criteria_provided,_multiple_submitters,_no_conflicts
TP53		NC_000017.11:g.7673799dup	0.0	Pathogenic	frameshift	criteria_provided,_multiple_submitters,_no_conflicts
TP53		NC_000017.11:g.7673796C>G	0.0	Conflicting_classifications_of_pathogenicity	missense	criteria_provided,_conflicting_classifications
TP53		NC_000017.11:g.7673796C>T	0.0	Pathogenic/Likely_pathogenic	missense	criteria_provided,_multiple_submitters,_no_conflicts
TP53		NC_000017.11:g.7673799del	0.0	Likely_pathogenic	frameshift	criteria_provided,_single_submitter
TP53		NC_000017.11:g.7673797A>C	0.0	Conflicting_classifications_of_pathogenicity	missense	criteria_provided,_conflicting_classifications
TP53		NC_000017.11:g.7673797A>G	0.0	Conflicting_classifications_of_pathogenicity	missense	criteria_provided,_conflicting_classifications
TP53		NC_000017.11:g.7673797A>T	0.0	Uncertain_significance	missense	criteria_provided,_single_submitter
TP53		NC_000017.11:g.7673798_7673799inv	0.0	Uncertain_significance	missense	criteria_provided,_single_submitter
TP53		NC_000017.11:g.7673799AC[1]	0.0	Pathogenic	frameshift	criteria_provided,_single_submitter
TP53		NC_000017.11:g.7673799A>C	0.0	Conflicting_classifications_of_pathogenicity	missense	criteria_provided,_conflicting_classifications
TP53		NC_000017.11:g.7673799A>G	0.0	Conflicting_classifications_of_pathogenicity	missense	criteria_provided,_conflicting_classifications
TP53		NC_000017.11:g.7673799A>T	0.0	Conflicting_classifications_of_pathogenicity	missense	criteria_provided,_conflicting_classifications
TP53		NC_000017.11:g.7673800del	0.0	Pathogenic	frameshift	criteria_provided,_single_submitter
TP53		NC_000017.11:g.7673800C>A	0.0	Conflicting_classifications_of_pathogenicity	missense	criteria_provided,_conflicting_classifications
TP53		NC_000017.11:g.7673801dup	0.0	Pathogenic	frameshift	criteria_provided,_single_submitter
TP53		NC_000017.11:g.7673800C>G	0.0	Conflicting_classifications_of_pathogenicity	missense	criteria_provided,_conflicting_classifications
TP53		NC_000017.11:g.7673800C>T	0.0	Benign	missense	criteria_provided,_single_submitter
TP53		NC_000017.11:g.7673804_7673821del	0.0	Likely_pathogenic	other	criteria_provided,_single_submitter
TP53		NC_000017.11:g.7673802C>A	0.0	Pathogenic	missense	criteria_provided,_multiple_submitters,_no_conflicts
TP53		NC_000017.11:g.7673803_7673805dup	0.0	Uncertain_significance	other	criteria_provided,_single_submitter
TP53		NC_000017.11:g.7673802C>G	0.0	Pathogenic/Likely_pathogenic	missense	criteria_provided,_multiple_submitters,_no_conflicts
TP53		NC_000017.11:g.7673802C>T	0.0	Pathogenic	missense	reviewed_by_expert_panel
TP53		NC_000017.11:g.7673805_7673814del	0.0	Pathogenic	frameshift	criteria_provided,_single_submitter
TP53		NC_000017.11:g.7673803G>A	0.0	Pathogenic/Likely_pathogenic	missense	criteria_provided,_multiple_submitters,_no_conflicts
TP53		NC_000017.11:g.7673803G>C	0.0	Pathogenic/Likely_pathogenic	missense	criteria_provided,_multiple_submitters,_no_conflicts
TP53		NC_000017.11:g.7673803_7673804insGCCCC	0.0	Pathogenic	frameshift	criteria_provided,_single_submitter
TP53		NC_000017.11:g.7673803G>T	0.0	Pathogenic	missense	criteria_provided,_multiple_submitters,_no_conflicts
TP53		NC_000017.11:g.7673805_7673808dup	0.0	Pathogenic	frameshift	criteria_provided,_single_submitter
TP53		NC_000017.11:g.7673805A>C	0.0	Conflicting_classifications_of_pathogenicity	missense	criteria_provided,_conflicting_classifications
TP53		NC_000017.11:g.7673805A>G	0.0	Uncertain_significance	missense	criteria_provided,_single_submitter
TP53		NC_000017.11:g.7673805A>T	0.0	Conflicting_classifications_of_pathogenicity	missense	criteria_provided,_conflicting_classifications
TP53		NC_000017.11:g.7673807_7673809del	0.0	Uncertain_significance	other	criteria_provided,_single_submitter
TP53		NC_000017.11:g.7673806C>A	0.0	Pathogenic/Likely_pathogenic	missense	criteria_provided,_multiple_submitters,_no_conflicts
TP53		NC_000017.11:g.7673806C>G	0.0	Pathogenic	missense	criteria_provided,_multiple_submitters,_no_conflicts
TP53		NC_000017.11:g.7673806C>T	0.0	Pathogenic	missense	reviewed_by_expert_panel
TP53		NC_000017.11:g.7673806_7673807delinsTA	0.0	Uncertain_significance	missense	criteria_provided,_single_submitter
TP53		NC_000017.11:g.7673807C>A	0.0	Uncertain_significance	missense	criteria_provided,_single_submitter
TP53		NC_000017.11:g.7673808dup	0.0	Pathogenic	frameshift	criteria_provided,_single_submitter
TP53		NC_000017.11:g.7673808T>A	0.0	Likely_pathogenic	missense	criteria_provided,_multiple_submitters,_no_conflicts
TP53		NC_000017.11:g.7673808T>C	0.0	Uncertain_significance	missense	criteria_provided,_single_submitter
TP53		NC_000017.11:g.7673808_7673809delinsAA	0.0	Uncertain_significance	missense	criteria_provided,_single_submitter
TP53		NC_000017.11:g.7673809C>A	0.0	Pathogenic	other	criteria_provided,_multiple_submitters,_no_conflicts
TP53		NC_000017.11:g.7673812dup	0.0	Pathogenic	other	criteria_provided,_multiple_submitters,_no_conflicts
TP53		NC_000017.11:g.7673809C>G	0.0	Uncertain_significance	missense	criteria_provided,_single_submitter
TP53		NC_000017.11:g.7673809C>T	0.0	Conflicting_classifications_of_pathogenicity	missense	criteria_provided,_conflicting_classifications
TP53		NC_000017.11:g.7673812del	0.0	Pathogenic	frameshift	no_assertion_criteria_provided
TP53		NC_000017.11:g.7673810A>T	0.0	Conflicting_classifications_of_pathogenicity	missense	criteria_provided,_conflicting_classifications
TP53		NC_000017.11:g.7673811A>C	0.0	Likely_pathogenic	missense	criteria_provided,_multiple_submitters,_no_conflicts
TP53		NC_000017.11:g.7673811A>G	0.0	Pathogenic/Likely_pathogenic	missense	criteria_provided,_multiple_submitters,_no_conflicts
TP53		NC_000017.11:g.7673812_7673814del	0.0	Uncertain_significance	other	criteria_provided,_single_submitter
TP53		NC_000017.11:g.7673812_7673824del	0.0	Pathogenic	frameshift	no_assertion_criteria_provided
TP53		NC_000017.11:g.7673812A>C	0.0	Pathogenic	missense	criteria_provided,_single_submitter
TP53		NC_000017.11:g.7673812A>G	0.0	Conflicting_classifications_of_pathogenicity	missense	criteria_provided,_conflicting_classifications
TP53		NC_000017.11:g.7673812A>T	0.0	Conflicting_classifications_of_pathogenicity	missense	criteria_provided,_conflicting_classifications
TP53		NC_000017.11:g.7673813del	0.0	Pathogenic	frameshift	criteria_provided,_single_submitter
TP53		NC_000017.11:g.7673813G>C	0.0	Uncertain_significance	missense	criteria_provided,_multiple_submitters,_no_conflicts
TP53		NC_000017.11:g.7673814C>A	0.0	Likely_pathogenic	missense	no_assertion_criteria_provided
TP53		NC_000017.11:g.7673814C>T	0.0	Uncertain_significance	missense	criteria_provided,_single_submitter
TP53		NC_000017.11:g.7673815T>A	0.0	Benign	missense	no_assertion_criteria_provided
TP53		NC_000017.11:g.7673815T>G	0.0	Uncertain_significance	missense	criteria_provided,_single_submitter
TP53		NC_000017.11:g.7673816del	0.0	Pathogenic	frameshift	criteria_provided,_single_submitter
TP53		NC_000017.11:g.7673816G>C	0.0	Uncertain_significance	missense	criteria_provided,_single_submitter
TP53		NC_000017.11:g.7673817T>C	0.0	Uncertain_significance	missense	criteria_provided,_single_submitter
TP53		NC_000017.11:g.7673817_7673841delinsG	0.0	Likely_pathogenic	splice_acceptor	criteria_provided,_single_submitter
TP53		NC_000017.11:g.7673818T>A	0.0	Uncertain_significance	missense	criteria_provided,_single_submitter
TP53		NC_000017.11:g.7673820dup	0.0	Pathogenic	frameshift	criteria_provided,_multiple_submitters,_no_conflicts
TP53		NC_000017.11:g.7673820del	0.0	Pathogenic	frameshift	criteria_provided,_single_submitter
TP53		NC_000017.11:g.7673820C>A	0.0	Uncertain_significance	missense	criteria_provided,_multiple_submitters,_no_conflicts
TP53		NC_000017.11:g.7673820C>G	0.0	Conflicting_classifications_of_pathogenicity	missense	criteria_provided,_conflicting_classifications
TP53		NC_000017.11:g.7673820C>T	0.0	Uncertain_significance	missense	reviewed_by_expert_panel
TP53		NC_000017.11:g.7673821G>A	0.0	Pathogenic/Likely_pathogenic	missense	criteria_provided,_multiple_submitters,_no_conflicts
TP53		NC_000017.11:g.7673821G>C	0.0	Pathogenic	missense	criteria_provided,_multiple_submitters,_no_conflicts
TP53		NC_000017.11:g.7673825del	0.0	Pathogenic	frameshift	criteria_provided,_multiple_submitters,_no_conflicts
TP53		NC_000017.11:g.7673823C>A	0.0	Conflicting_classifications_of_pathogenicity	missense	criteria_provided,_conflicting_classifications
TP53		NC_000017.11:g.7673823C>T	0.0	Pathogenic/Likely_pathogenic	missense	criteria_provided,_multiple_submitters,_no_conflicts
TP53		NC_000017.11:g.7673827_7673837del	0.0	Pathogenic	frameshift	criteria_provided,_single_submitter
TP53		NC_000017.11:g.7673824C>A	0.0	Pathogenic	other	criteria_provided,_multiple_submitters,_no_conflicts
TP53		NC_000017.11:g.7673824C>G	0.0	Pathogenic	missense	criteria_provided,_multiple_submitters,_no_conflicts
TP53		NC_000017.11:g.7673824C>T	0.0	Pathogenic	missense	criteria_provided,_multiple_submitters,_no_conflicts
TP53		NC_000017.11:g.7673824_7673825delinsAG	0.0	Pathogenic	other	criteria_provided,_single_submitter
TP53		NC_000017.11:g.7673828_7673830del	0.0	Likely_pathogenic	other	criteria_provided,_single_submitter
TP53		NC_000017.11:g.7673826_7673844del	0.0	Pathogenic	splice_acceptor	criteria_provided,_single_submitter
TP53		NC_000017.11:g.7673826A>C	0.0	Uncertain_significance	missense	criteria_provided,_single_submitter
TP53		NC_000017.11:g.7673826A>G	0.0	Pathogenic/Likely_pathogenic	missense	criteria_provided,_multiple_submitters,_no_conflicts
TP53		NC_000017.11:g.7673826A>T	0.0	Pathogenic/Likely_pathogenic	missense	criteria_provided,_multiple_submitters,_no_conflicts
TP53		NC_000017.11:g.7673826_7673837delinsC	0.0	Pathogenic	frameshift	criteria_provided,_single_submitter
TP53		NC_000017.11:g.7673829_7673842del	0.0	Likely_pathogenic	splice_acceptor	criteria_provided,_single_submitter
TP53		NC_000017.11:g.7673829del	0.0	Pathogenic	frameshift	criteria_provided,_single_submitter
TP53		NC_000017.11:g.7673829A>G	0.0	Uncertain_significance	missense	criteria_provided,_multiple_submitters,_no_conflicts
TP53		NC_000017.11:g.7673830del	0.0	Pathogenic	frameshift	criteria_provided,_multiple_submitters,_no_conflicts
TP53		NC_000017.11:g.7673830G>T	0.0	Uncertain_significance	missense	criteria_provided,_single_submitter
TP53		NC_000017.11:g.7673831A>T	0.0	Uncertain_significance	missense	criteria_provided,_single_submitter
TP53		NC_000017.11:g.7673833del	0.0	Pathogenic	frameshift	criteria_provided,_single_submitter
TP53		NC_000017.11:g.7673832T>C	0.0	Likely_benign	missense	criteria_provided,_single_submitter
TP53		NC_000017.11:g.7673833T>A	0.0	Uncertain_significance	missense	criteria_provided,_single_submitter
TP53		NC_000017.11:g.7673833T>C	0.0	Conflicting_classifications_of_pathogenicity	missense	criteria_provided,_conflicting_classifications
TP53		NC_000017.11:g.7673833T>G	0.0	Uncertain_significance	missense	criteria_provided,_single_submitter
TP53		NC_000017.11:g.7673834del	0.0	Pathogenic	frameshift	criteria_provided,_multiple_submitters,_no_conflicts
TP53		NC_000017.11:g.7673836_7673838del	0.0	Uncertain_significance	unknown	criteria_provided,_multiple_submitters,_no_conflicts
TP53		NC_000017.11:g.7673836del	0.0	Pathogenic	frameshift	criteria_provided,_multiple_submitters,_no_conflicts
TP53		NC_000017.11:g.7673835C>A	0.0	Uncertain_significance	missense	criteria_provided,_multiple_submitters,_no_conflicts
TP53		NC_000017.11:g.7673835_7673836insGGCTT	0.0	Likely_pathogenic	frameshift	criteria_provided,_single_submitter
TP53		NC_000017.11:g.7673835C>T	0.0	Uncertain_significance	missense	criteria_provided,_single_submitter
TP53		NC_000017.11:g.7673836_7673845del	0.0	Likely_pathogenic	splice_acceptor	criteria_provided,_single_submitter
TP53		NC_000017.11:g.7673836C>G	0.0	Uncertain_significance	missense	criteria_provided,_single_submitter
TP53		NC_000017.11:g.7673836C>T	0.0	Likely_benign	missense	reviewed_by_expert_panel
TP53		NC_000017.11:g.7673838C>A	0.0	Pathogenic/Likely_pathogenic	splice_acceptor	criteria_provided,_multiple_submitters,_no_conflicts
TP53		NC_000017.11:g.7673838C>G	0.0	Likely_pathogenic	splice_acceptor	criteria_provided,_single_submitter
TP53		NC_000017.11:g.7673838C>T	0.0	Pathogenic/Likely_pathogenic	splice_acceptor	criteria_provided,_multiple_submitters,_no_conflicts
TP53		NC_000017.11:g.7673839T>A	0.0	Likely_pathogenic	splice_acceptor	criteria_provided,_single_submitter
TP53		NC_000017.11:g.7673839T>C	0.0	Pathogenic/Likely_pathogenic	splice_acceptor	criteria_provided,_multiple_submitters,_no_conflicts
TP53		NC_000017.11:g.7673839T>G	0.0	Pathogenic	splice_acceptor	criteria_provided,_multiple_submitters,_no_conflicts
TP53		NC_000017.11:g.7673840A>C	0.0	Uncertain_significance	intronic	criteria_provided,_single_submitter
TP53		NC_000017.11:g.7673840A>G	0.0	Uncertain_significance	intronic	criteria_provided,_single_submitter
TP53		NC_000017.11:g.7673841C>T	0.0	Conflicting_classifications_of_pathogenicity	intronic	criteria_provided,_conflicting_classifications
TP53		NC_000017.11:g.7673842T>G	0.0	Likely_benign	intronic	criteria_provided,_single_submitter
TP53		NC_000017.11:g.7673843C>G	0.0	Likely_benign	intronic	criteria_provided,_single_submitter
TP53		NC_000017.11:g.7673843C>T	0.0	Uncertain_significance	intronic	criteria_provided,_multiple_submitters,_no_conflicts
TP53		NC_000017.11:g.7673844A>C	0.0	Likely_benign	intronic	criteria_provided,_single_submitter
TP53		NC_000017.11:g.7673844A>G	0.0	Likely_benign	intronic	criteria_provided,_multiple_submitters,_no_conflicts
TP53		NC_000017.11:g.7673845G>C	0.0	Likely_benign	intronic	criteria_provided,_single_submitter
TP53		NC_000017.11:g.7673847A>C	0.0	Uncertain_significance	intronic	criteria_provided,_single_submitter
TP53		NC_000017.11:g.7673847A>G	0.0	Conflicting_classifications_of_pathogenicity	intronic	criteria_provided,_conflicting_classifications
TP53		NC_000017.11:g.7673848T>C	0.0	Benign/Likely_benign	intronic	criteria_provided,_multiple_submitters,_no_conflicts
TP53		NC_000017.11:g.7673849A>G	0.0	Likely_benign	intronic	criteria_provided,_single_submitter
TP53		NC_000017.11:g.7673850G>A	0.0	Likely_benign	intronic	criteria_provided,_multiple_submitters,_no_conflicts
TP53		NC_000017.11:g.7673850G>C	0.0	Likely_benign	intronic	criteria_provided,_single_submitter
TP53		NC_000017.11:g.7673851G>A	0.0	Likely_benign	intronic	criteria_provided,_multiple_submitters,_no_conflicts
TP53		NC_000017.11:g.7673854_7673855del	0.0	Conflicting_classifications_of_pathogenicity	intronic	criteria_provided,_conflicting_classifications
TP53		NC_000017.11:g.7673852A>G	0.0	Likely_benign	intronic	criteria_provided,_multiple_submitters,_no_conflicts
TP53		NC_000017.11:g.7673853A>C	0.0	Uncertain_significance	intronic	criteria_provided,_single_submitter
TP53		NC_000017.11:g.7673856G>A	0.0	Likely_benign	intronic	criteria_provided,_single_submitter
TP53		NC_000017.11:g.7673856G>C	0.0	Likely_benign	intronic	criteria_provided,_single_submitter
TP53		NC_000017.11:g.7673870A>G	0.0	Benign/Likely_benign	intronic	criteria_provided,_multiple_submitters,_no_conflicts
TP53		NC_000017.11:g.7673871G>A	0.0	Likely_benign	intronic	criteria_provided,_multiple_submitters,_no_conflicts
TP53		NC_000017.11:g.7673872T>C	0.0	Likely_benign	intronic	criteria_provided,_single_submitter
TP53		NC_000017.11:g.7673883G>A	0.0	Likely_benign	intronic	criteria_provided,_single_submitter
TP53		NC_000017.11:g.7673884G>C	0.0	Likely_benign	intronic	criteria_provided,_single_submitter
TP53		NC_000017.11:g.7673889A>C	0.0	Likely_benign	intronic	criteria_provided,_single_submitter
TP53		NC_000017.11:g.7673893G>A	0.0	Likely_benign	intronic	criteria_provided,_single_submitter
TP53		NC_000017.11:g.7673895C>A	0.0	Likely_benign	intronic	criteria_provided,_single_submitter
TP53		NC_000017.11:g.7673895C>T	0.0	Likely_benign	intronic	criteria_provided,_single_submitter
TP53		NC_000017.11:g.7673896C>T	0.0	Likely_benign	intronic	criteria_provided,_single_submitter
TP53		NC_000017.11:g.7673897C>T	0.0	Likely_benign	intronic	criteria_provided,_single_submitter
TP53		NC_000017.11:g.7673899T>C	0.0	Likely_benign	intronic	criteria_provided,_single_submitter
TP53		NC_000017.11:g.7673901T>G	0.0	Likely_benign	intronic	criteria_provided,_single_submitter
TP53		NC_000017.11:g.7673903A>C	0.0	Likely_benign	intronic	criteria_provided,_single_submitter
TP53		NC_000017.11:g.7673916del	0.0	Likely_benign	intronic	criteria_provided,_single_submitter
TP53		NC_000017.11:g.7673918T>A	0.0	Likely_benign	intronic	criteria_provided,_single_submitter
TP53		NC_000017.11:g.7674089A>C	0.0	Benign	intronic	criteria_provided,_multiple_submitters,_no_conflicts
TP53		NC_000017.11:g.7674094del	0.0	Uncertain_significance	intronic	criteria_provided,_single_submitter
TP53		NC_000017.11:g.7674109G>A	0.0	Benign	intronic	criteria_provided,_multiple_submitters,_no_conflicts
TP53		NC_000017.11:g.7674161_7674237dup	0.0	Likely_pathogenic	splice_donor	no_assertion_criteria_provided
TP53		NC_000017.11:g.7674162G>T	0.0	Likely_benign	intronic	criteria_provided,_single_submitter
TP53		NC_000017.11:g.7674163T>C	0.0	Likely_benign	intronic	criteria_provided,_single_submitter
TP53		NC_000017.11:g.7674164G>A	0.0	Benign/Likely_benign	intronic	criteria_provided,_multiple_submitters,_no_conflicts
TP53		NC_000017.11:g.7674165G>A	0.0	Likely_benign	intronic	criteria_provided,_single_submitter
TP53		NC_000017.11:g.7674167A>C	0.0	Likely_benign	intronic	criteria_provided,_multiple_submitters,_no_conflicts
TP53		NC_000017.11:g.7674171_7674187del	0.0	Pathogenic	splice_donor	criteria_provided,_single_submitter
TP53		NC_000017.11:g.7674169G>A	0.0	Conflicting_classifications_of_pathogenicity	intronic	criteria_provided,_conflicting_classifications
TP53		NC_000017.11:g.7674171G>A	0.0	Benign/Likely_benign	intronic	criteria_provided,_multiple_submitters,_no_conflicts
TP53		NC_000017.11:g.7674171G>T	0.0	Likely_benign	intronic	criteria_provided,_single_submitter
TP53		NC_000017.11:g.7674172G>C	0.0	Likely_benign	intronic	criteria_provided,_single_submitter
TP53		NC_000017.11:g.7674172G>T	0.0	Likely_benign	intronic	criteria_provided,_multiple_submitters,_no_conflicts
TP53		NC_000017.11:g.7674174_7674180del	0.0	Likely_pathogenic	splice_donor	criteria_provided,_single_submitter
TP53		NC_000017.11:g.7674173_7674182del	0.0	Likely_pathogenic	splice_donor	criteria_provided,_single_submitter
TP53		NC_000017.11:g.7674173C>A	0.0	Likely_benign	intronic	criteria_provided,_multiple_submitters,_no_conflicts
TP53		NC_000017.11:g.7674173C>G	0.0	Likely_benign	intronic	criteria_provided,_multiple_submitters,_no_conflicts
TP53		NC_000017.11:g.7674174T>A	0.0	Likely_benign	intronic	criteria_provided,_single_submitter
TP53		NC_000017.11:g.7674176del	0.0	Likely_benign	intronic	criteria_provided,_single_submitter
TP53		NC_000017.11:g.7674179_7674183del	0.0	Likely_pathogenic	splice_donor	criteria_provided,_single_submitter
TP53		NC_000017.11:g.7674175C>G	0.0	Uncertain_significance	intronic	criteria_provided,_single_submitter
TP53		NC_000017.11:g.7674175C>T	0.0	Conflicting_classifications_of_pathogenicity	intronic	criteria_provided,_conflicting_classifications
TP53		NC_000017.11:g.7674176C>G	0.0	Uncertain_significance	intronic	criteria_provided,_single_submitter
TP53		NC_000017.11:g.7674176C>T	0.0	Uncertain_significance	intronic	criteria_provided,_multiple_submitters,_no_conflicts
TP53		NC_000017.11:g.7674177T>G	0.0	Uncertain_significance	intronic	criteria_provided,_multiple_submitters,_no_conflicts
TP53		NC_000017.11:g.7674180_7674185del	0.0	Likely_pathogenic	splice_donor	criteria_provided,_single_submitter
TP53		NC_000017.11:g.7674178G>A	0.0	Conflicting_classifications_of_pathogenicity	intronic	criteria_provided,_conflicting_classifications
TP53		NC_000017.11:g.7674178G>T	0.0	Uncertain_significance	intronic	criteria_provided,_single_submitter
TP53		NC_000017.11:g.7674179A>C	0.0	Likely_pathogenic	splice_donor	criteria_provided,_single_submitter
TP53		NC_000017.11:g.7674179A>G	0.0	Likely_pathogenic	splice_donor	criteria_provided,_single_submitter
TP53		NC_000017.11:g.7674179A>T	0.0	Likely_pathogenic	splice_donor	criteria_provided,_single_submitter
TP53		NC_000017.11:g.7674180C>A	0.0	Pathogenic/Likely_pathogenic	splice_donor	criteria_provided,_multiple_submitters,_no_conflicts
TP53		NC_000017.11:g.7674180C>G	0.0	Likely_pathogenic	splice_donor	criteria_provided,_single_submitter
TP53		NC_000017.11:g.7674180C>T	0.0	Pathogenic	splice_donor	criteria_provided,_single_submitter
TP53		NC_000017.11:g.7674181C>G	0.0	Uncertain_significance	missense	criteria_provided,_multiple_submitters,_no_conflicts
TP53		NC_000017.11:g.7674182del	0.0	Pathogenic	frameshift	criteria_provided,_single_submitter
TP53		NC_000017.11:g.7674182_7674184del	0.0	Uncertain_significance	other	criteria_provided,_single_submitter
TP53		NC_000017.11:g.7674182T>C	0.0	Conflicting_classifications_of_pathogenicity	missense	criteria_provided,_conflicting_classifications
TP53		NC_000017.11:g.7674182T>G	0.0	Uncertain_significance	missense	criteria_provided,_single_submitter
TP53		NC_000017.11:g.7674184G>A	0.0	Uncertain_significance	missense	criteria_provided,_single_submitter
TP53		NC_000017.11:g.7674184G>T	0.0	Likely_benign	missense	reviewed_by_expert_panel
TP53		NC_000017.11:g.7674187T>A	0.0	Conflicting_classifications_of_pathogenicity	missense	criteria_provided,_conflicting_classifications
TP53		NC_000017.11:g.7674187T>C	0.0	Uncertain_significance	missense	criteria_provided,_multiple_submitters,_no_conflicts
TP53		NC_000017.11:g.7674187T>G	0.0	Pathogenic	missense	no_assertion_criteria_provided
TP53		NC_000017.11:g.7674188C>A	0.0	Uncertain_significance	missense	criteria_provided,_single_submitter
TP53		NC_000017.11:g.7674188C>G	0.0	Uncertain_significance	missense	criteria_provided,_multiple_submitters,_no_conflicts
TP53		NC_000017.11:g.7674188C>T	0.0	Uncertain_significance	missense	criteria_provided,_single_submitter
TP53		NC_000017.11:g.7674189T>G	0.0	Uncertain_significance	missense	criteria_provided,_multiple_submitters,_no_conflicts
TP53		NC_000017.11:g.7674190T>A	0.0	Uncertain_significance	missense	criteria_provided,_single_submitter
TP53		NC_000017.11:g.7674190T>C	0.0	Conflicting_classifications_of_pathogenicity	missense	criteria_provided,_conflicting_classifications
TP53		NC_000017.11:g.7674190T>G	0.0	Uncertain_significance	missense	criteria_provided,_multiple_submitters,_no_conflicts
TP53		NC_000017.11:g.7674191_7674193del	0.0	Likely_pathogenic	other	criteria_provided,_single_submitter
TP53		NC_000017.11:g.7674191_7674204del	0.0	Pathogenic	frameshift	criteria_provided,_single_submitter
TP53		NC_000017.11:g.7674191C>A	0.0	Pathogenic	other	criteria_provided,_multiple_submitters,_no_conflicts
TP53		NC_000017.11:g.7674191C>T	0.0	Pathogenic/Likely_pathogenic	missense	criteria_provided,_multiple_submitters,_no_conflicts
TP53		NC_000017.11:g.7674191_7674192delinsTT	0.0	Likely_pathogenic	missense	no_assertion_criteria_provided
TP53		NC_000017.11:g.7674193A>C	0.0	Conflicting_classifications_of_pathogenicity	missense	criteria_provided,_conflicting_classifications
TP53		NC_000017.11:g.7674193A>G	0.0	Conflicting_classifications_of_pathogenicity	missense	criteria_provided,_conflicting_classifications
TP53		NC_000017.11:g.7674193A>T	0.0	Conflicting_classifications_of_pathogenicity	missense	criteria_provided,_conflicting_classifications
TP53		NC_000017.11:g.7674194del	0.0	Pathogenic	frameshift	criteria_provided,_single_submitter
TP53		NC_000017.11:g.7674195TG[1]	0.0	Pathogenic	frameshift	criteria_provided,_multiple_submitters,_no_conflicts
TP53		NC_000017.11:g.7674193_7674197delinsTGGATGTCCTGACCTG	0.0	Pathogenic	frameshift	criteria_provided,_single_submitter
TP53		NC_000017.11:g.7674194G>C	0.0	Uncertain_significance	missense	criteria_provided,_multiple_submitters,_no_conflicts
TP53		NC_000017.11:g.7674195dup	0.0	Pathogenic	frameshift	criteria_provided,_single_submitter
TP53		NC_000017.11:g.7674200_7674208del	0.0	Pathogenic/Likely_pathogenic	other	criteria_provided,_multiple_submitters,_no_conflicts
TP53		NC_000017.11:g.7674196G>A	0.0	Uncertain_significance	missense	criteria_provided,_multiple_submitters,_no_conflicts
TP53		NC_000017.11:g.7674197dup	0.0	Pathogenic	frameshift	criteria_provided,_single_submitter
TP53		NC_000017.11:g.7674196G>T	0.0	Uncertain_significance	missense	criteria_provided,_single_submitter
TP53		NC_000017.11:g.7674199ATG[1]	0.0	Pathogenic/Likely_pathogenic	other	criteria_provided,_multiple_submitters,_no_conflicts
TP53		NC_000017.11:g.7674196_7674200delinsCAG	0.0	Pathogenic	frameshift	criteria_provided,_single_submitter
TP53		NC_000017.11:g.7674197T>C	0.0	Uncertain_significance	missense	criteria_provided,_multiple_submitters,_no_conflicts
TP53		NC_000017.11:g.7674197T>G	0.0	Conflicting_classifications_of_pathogenicity	missense	criteria_provided,_conflicting_classifications
TP53		NC_000017.11:g.7674197_7674200delinsAG	0.0	Pathogenic	frameshift	criteria_provided,_single_submitter
TP53		NC_000017.11:g.7674202_7674213del	0.0	Uncertain_significance	other	criteria_provided,_single_submitter
TP53		NC_000017.11:g.7674199dup	0.0	Pathogenic	frameshift	criteria_provided,_single_submitter
TP53		NC_000017.11:g.7674199A>C	0.0	Uncertain_significance	missense	criteria_provided,_single_submitter
TP53		NC_000017.11:g.7674199A>G	0.0	Uncertain_significance	missense	criteria_provided,_single_submitter
TP53		NC_000017.11:g.7674199A>T	0.0	Conflicting_classifications_of_pathogenicity	missense	criteria_provided,_conflicting_classifications
TP53		NC_000017.11:g.7674200T>A	0.0	Conflicting_classifications_of_pathogenicity	missense	criteria_provided,_conflicting_classifications
TP53		NC_000017.11:g.7674201del	0.0	Pathogenic	frameshift	criteria_provided,_single_submitter
TP53		NC_000017.11:g.7674206_7674214del	0.0	Pathogenic/Likely_pathogenic	other	criteria_provided,_multiple_submitters,_no_conflicts
TP53		NC_000017.11:g.7674201G>C	0.0	Uncertain_significance	missense	criteria_provided,_single_submitter
TP53		NC_000017.11:g.7674201_7674202delinsAT	0.0	Pathogenic	missense	criteria_provided,_single_submitter
TP53		NC_000017.11:g.7674205_7674207dup	0.0	Uncertain_significance	other	criteria_provided,_single_submitter
TP53		NC_000017.11:g.7674202A>C	0.0	Conflicting_classifications_of_pathogenicity	missense	criteria_provided,_conflicting_classifications
TP53		NC_000017.11:g.7674202A>G	0.0	Conflicting_classifications_of_pathogenicity	missense	criteria_provided,_conflicting_classifications
TP53		NC_000017.11:g.7674202A>T	0.0	Pathogenic/Likely_pathogenic	missense	criteria_provided,_multiple_submitters,_no_conflicts
TP53		NC_000017.11:g.7674203T>C	0.0	Likely_benign	missense	reviewed_by_expert_panel
TP53		NC_000017.11:g.7674205del	0.0	Pathogenic	frameshift	no_assertion_criteria_provided
TP53		NC_000017.11:g.7674205G>A	0.0	Conflicting_classifications_of_pathogenicity	missense	criteria_provided,_conflicting_classifications
TP53		NC_000017.11:g.7674206dup	0.0	Pathogenic	frameshift	criteria_provided,_single_submitter
TP53		NC_000017.11:g.7674205G>T	0.0	Uncertain_significance	missense	criteria_provided,_multiple_submitters,_no_conflicts
TP53		NC_000017.11:g.7674206T>C	0.0	Pathogenic/Likely_pathogenic	missense	criteria_provided,_multiple_submitters,_no_conflicts
TP53		NC_000017.11:g.7674206T>G	0.0	Conflicting_classifications_of_pathogenicity	missense	criteria_provided,_conflicting_classifications
TP53		NC_000017.11:g.7674209_7674211del	0.0	Uncertain_significance	other	criteria_provided,_multiple_submitters,_no_conflicts
TP53		NC_000017.11:g.7674208A>G	0.0	Conflicting_classifications_of_pathogenicity	missense	criteria_provided,_conflicting_classifications
TP53		NC_000017.11:g.7674210del	0.0	Pathogenic	frameshift	criteria_provided,_single_submitter
TP53		NC_000017.11:g.7674209G>A	0.0	Uncertain_significance	missense	criteria_provided,_single_submitter
TP53		NC_000017.11:g.7674209G>C	0.0	Conflicting_classifications_of_pathogenicity	missense	criteria_provided,_conflicting_classifications
TP53		NC_000017.11:g.7674210_7674287dup	0.0	Uncertain_significance	other	criteria_provided,_single_submitter
TP53		NC_000017.11:g.7674210G>C	0.0	Uncertain_significance	missense	criteria_provided,_multiple_submitters,_no_conflicts
TP53		NC_000017.11:g.7674211del	0.0	Pathogenic	frameshift	criteria_provided,_single_submitter
TP53		NC_000017.11:g.7674211A>C	0.0	Conflicting_classifications_of_pathogenicity	missense	criteria_provided,_conflicting_classifications
TP53		NC_000017.11:g.7674211A>G	0.0	Conflicting_classifications_of_pathogenicity	missense	criteria_provided,_conflicting_classifications
TP53		NC_000017.11:g.7674211A>T	0.0	Conflicting_classifications_of_pathogenicity	missense	criteria_provided,_conflicting_classifications
TP53		NC_000017.11:g.7674212T>A	0.0	Likely_pathogenic	missense	criteria_provided,_single_submitter
TP53		NC_000017.11:g.7674212T>C	0.0	Uncertain_significance	missense	criteria_provided,_multiple_submitters,_no_conflicts
TP53		NC_000017.11:g.7674212T>G	0.0	Pathogenic/Likely_pathogenic	missense	criteria_provided,_multiple_submitters,_no_conflicts
TP53		NC_000017.11:g.7674215del	0.0	Pathogenic	frameshift	criteria_provided,_single_submitter
TP53		NC_000017.11:g.7674214G>A	0.0	Pathogenic/Likely_pathogenic	missense	criteria_provided,_multiple_submitters,_no_conflicts
TP53		NC_000017.11:g.7674215G>A	0.0	Uncertain_significance	missense	criteria_provided,_multiple_submitters,_no_conflicts
TP53		NC_000017.11:g.7674215G>C	0.0	Uncertain_significance	missense	criteria_provided,_multiple_submitters,_no_conflicts
TP53		NC_000017.11:g.7674215G>T	0.0	Uncertain_significance	missense	criteria_provided,_multiple_submitters,_no_conflicts
TP53		NC_000017.11:g.7674215_7674216delinsAA	0.0	Uncertain_significance	missense	criteria_provided,_single_submitter
TP53		NC_000017.11:g.7674215_7674216delinsTA	0.0	Conflicting_classifications_of_pathogenicity	missense	criteria_provided,_conflicting_classifications
TP53		NC_000017.11:g.7674218_7674220del	0.0	Uncertain_significance	other	criteria_provided,_single_submitter
TP53		NC_000017.11:g.7674216_7674225del	0.0	Pathogenic	frameshift	criteria_provided,_single_submitter
TP53		NC_000017.11:g.7674216C>A	0.0	Pathogenic/Likely_pathogenic	missense	criteria_provided,_multiple_submitters,_no_conflicts
TP53		NC_000017.11:g.7674216C>G	0.0	Conflicting_classifications_of_pathogenicity	missense	criteria_provided,_conflicting_classifications
TP53		NC_000017.11:g.7674217C>A	0.0	Conflicting_classifications_of_pathogenicity	missense	criteria_provided,_conflicting_classifications
TP53		NC_000017.11:g.7674217C>G	0.0	Pathogenic/Likely_pathogenic	missense	criteria_provided,_multiple_submitters,_no_conflicts
TP53		NC_000017.11:g.7674217C>T	0.0	Conflicting_classifications_of_pathogenicity	missense	criteria_provided,_conflicting_classifications
TP53		NC_000017.11:g.7674220_7674225del	0.0	Pathogenic	other	criteria_provided,_single_submitter
TP53		NC_000017.11:g.7674219_7674227del	0.0	Pathogenic	other	criteria_provided,_single_submitter
TP53		NC_000017.11:g.7674218T>A	0.0	Conflicting_classifications_of_pathogenicity	missense	criteria_provided,_conflicting_classifications
TP53		NC_000017.11:g.7674218T>C	0.0	Conflicting_classifications_of_pathogenicity	missense	criteria_provided,_conflicting_classifications
TP53		NC_000017.11:g.7674220_7674234del	0.0	Pathogenic	other	criteria_provided,_single_submitter
TP53		NC_000017.11:g.7674231_7674232insGAGGTTCATGGGCGGCGGTTCATGCCG	0.0	Pathogenic	other	criteria_provided,_single_submitter
TP53		NC_000017.11:g.7674220C>A	0.0	Pathogenic	missense	reviewed_by_expert_panel
TP53		NC_000017.11:g.7674222dup	0.0	Pathogenic	frameshift	criteria_provided,_single_submitter
TP53		NC_000017.11:g.7674220C>G	0.0	Pathogenic/Likely_pathogenic	missense	criteria_provided,_multiple_submitters,_no_conflicts
TP53		NC_000017.11:g.7674220C>T	0.0	Pathogenic	missense	reviewed_by_expert_panel
TP53		NC_000017.11:g.7674221G>A	0.0	Pathogenic	missense	reviewed_by_expert_panel
TP53		NC_000017.11:g.7674221G>C	0.0	Pathogenic/Likely_pathogenic	missense	criteria_provided,_multiple_submitters,_no_conflicts
TP53		NC_000017.11:g.7674221_7674222delinsAA	0.0	Likely_pathogenic	missense	criteria_provided,_single_submitter
TP53		NC_000017.11:g.7674225_7674248del	0.0	Uncertain_significance	other	criteria_provided,_single_submitter
TP53		NC_000017.11:g.7674223T>A	0.0	Conflicting_classifications_of_pathogenicity	missense	criteria_provided,_conflicting_classifications
TP53		NC_000017.11:g.7674223T>C	0.0	Conflicting_classifications_of_pathogenicity	missense	criteria_provided,_conflicting_classifications
TP53		NC_000017.11:g.7674225_7674227dup	0.0	Uncertain_significance	other	criteria_provided,_single_submitter
TP53		NC_000017.11:g.7674223_7674225delinsAAA	0.0	Uncertain_significance	missense	criteria_provided,_single_submitter
TP53		NC_000017.11:g.7674225_7674236del	0.0	Pathogenic	other	criteria_provided,_single_submitter
TP53		NC_000017.11:g.7674230_7674238del	0.0	Pathogenic	other	criteria_provided,_single_submitter
TP53		NC_000017.11:g.7674229_7674255del	0.0	Likely_pathogenic	other	no_assertion_criteria_provided
TP53		NC_000017.11:g.7674225C>A	0.0	Conflicting_classifications_of_pathogenicity	missense	criteria_provided,_conflicting_classifications
TP53		NC_000017.11:g.7674225C>G	0.0	Likely_pathogenic	missense	criteria_provided,_single_submitter
TP53		NC_000017.11:g.7674225C>T	0.0	Pathogenic/Likely_pathogenic	missense	criteria_provided,_multiple_submitters,_no_conflicts
TP53		NC_000017.11:g.7674226A>C	0.0	Conflicting_classifications_of_pathogenicity	missense	criteria_provided,_conflicting_classifications
TP53		NC_000017.11:g.7674226A>G	0.0	Conflicting_classifications_of_pathogenicity	missense	criteria_provided,_conflicting_classifications
TP53		NC_000017.11:g.7674226A>T	0.0	Likely_pathogenic	missense	criteria_provided,_multiple_submitters,_no_conflicts
TP53		NC_000017.11:g.7674227del	0.0	Pathogenic	frameshift	criteria_provided,_single_submitter
TP53		NC_000017.11:g.7674228_7674248del	0.0	Likely_pathogenic	other	criteria_provided,_single_submitter
TP53		NC_000017.11:g.7674227T>A	0.0	Uncertain_significance	missense	criteria_provided,_single_submitter
TP53		NC_000017.11:g.7674227T>C	0.0	Pathogenic/Likely_pathogenic	missense	criteria_provided,_multiple_submitters,_no_conflicts
TP53		NC_000017.11:g.7674227T>G	0.0	Conflicting_classifications_of_pathogenicity	missense	criteria_provided,_conflicting_classifications
TP53		NC_000017.11:g.7674228_7674229delinsAT	0.0	Pathogenic	missense	criteria_provided,_single_submitter
TP53		NC_000017.11:g.7674229_7674244del	0.0	Pathogenic	frameshift	criteria_provided,_single_submitter
TP53		NC_000017.11:g.7674229C>A	0.0	Pathogenic	missense	criteria_provided,_multiple_submitters,_no_conflicts
TP53		NC_000017.11:g.7674229C>G	0.0	Conflicting_classifications_of_pathogenicity	missense	criteria_provided,_conflicting_classifications
TP53		NC_000017.11:g.7674229C>T	0.0	Pathogenic/Likely_pathogenic	missense	criteria_provided,_multiple_submitters,_no_conflicts
TP53		NC_000017.11:g.7674230C>A	0.0	Pathogenic	missense	criteria_provided,_multiple_submitters,_no_conflicts
TP53		NC_000017.11:g.7674230C>G	0.0	Conflicting_classifications_of_pathogenicity	missense	criteria_provided,_conflicting_classifications
TP53		NC_000017.11:g.7674230C>T	0.0	Pathogenic	missense	reviewed_by_expert_panel
TP53		NC_000017.11:g.7674234del	0.0	Pathogenic	frameshift	criteria_provided,_single_submitter
TP53		NC_000017.11:g.7674232C>A	0.0	Likely_pathogenic	missense	criteria_provided,_single_submitter
TP53		NC_000017.11:g.7674232C>G	0.0	Pathogenic/Likely_pathogenic	missense	criteria_provided,_multiple_submitters,_no_conflicts
TP53		NC_000017.11:g.7674232C>T	0.0	Pathogenic/Likely_pathogenic	missense	criteria_provided,_multiple_submitters,_no_conflicts
TP53		NC_000017.11:g.7674233C>A	0.0	Conflicting_classifications_of_pathogenicity	missense	criteria_provided,_conflicting_classifications
TP53		NC_000017.11:g.7674233C>G	0.0	Uncertain_significance	missense	criteria_provided,_single_submitter
TP53		NC_000017.11:g.7674233C>T	0.0	Pathogenic	missense	criteria_provided,_multiple_submitters,_no_conflicts
TP53		NC_000017.11:g.7674233_7674234delinsAA	0.0	Uncertain_significance	missense	criteria_provided,_single_submitter
TP53		NC_000017.11:g.7674233_7674234delinsAT	0.0	Uncertain_significance	missense	criteria_provided,_single_submitter
TP53		NC_000017.11:g.7674235dup	0.0	Pathogenic	frameshift	criteria_provided,_single_submitter
TP53		NC_000017.11:g.7674234C>T	0.0	Uncertain_significance	missense	criteria_provided,_single_submitter
TP53		NC_000017.11:g.7674236_7674242del	0.0	Pathogenic/Likely_pathogenic	frameshift	criteria_provided,_multiple_submitters,_no_conflicts
TP53		NC_000017.11:g.7674236_7674241dup	0.0	Uncertain_significance	other	criteria_provided,_single_submitter
TP53		NC_000017.11:g.7674235A>G	0.0	Conflicting_classifications_of_pathogenicity	missense	criteria_provided,_conflicting_classifications
TP53		NC_000017.11:g.7674236_7674250del	0.0	Pathogenic	other	criteria_provided,_single_submitter
TP53		NC_000017.11:g.7674236T>A	0.0	Uncertain_significance	missense	criteria_provided,_multiple_submitters,_no_conflicts
TP53		NC_000017.11:g.7674236T>C	0.0	Conflicting_classifications_of_pathogenicity	missense	criteria_provided,_conflicting_classifications
TP53		NC_000017.11:g.7674236T>G	0.0	Uncertain_significance	missense	criteria_provided,_multiple_submitters,_no_conflicts
TP53		NC_000017.11:g.7674238_7674240dup	0.0	Uncertain_significance	other	criteria_provided,_single_submitter
TP53		NC_000017.11:g.7674237G>C	0.0	Pathogenic	missense	criteria_provided,_single_submitter
TP53		NC_000017.11:g.7674237G>T	0.0	Pathogenic	other	criteria_provided,_single_submitter
TP53		NC_000017.11:g.7674237_7674238delinsTG	0.0	Uncertain_significance	missense	criteria_provided,_single_submitter
TP53		NC_000017.11:g.7674238C>A	0.0	Conflicting_classifications_of_pathogenicity	missense	criteria_provided,_conflicting_classifications
TP53		NC_000017.11:g.7674238C>G	0.0	Conflicting_classifications_of_pathogenicity	missense	criteria_provided,_conflicting_classifications
TP53		NC_000017.11:g.7674238C>T	0.0	Pathogenic/Likely_pathogenic	missense	criteria_provided,_multiple_submitters,_no_conflicts
TP53		NC_000017.11:g.7674240_7674242del	0.0	Likely_pathogenic	other	no_assertion_criteria_provided
TP53		NC_000017.11:g.7674240_7674249del	0.0	Pathogenic	frameshift	criteria_provided,_single_submitter
TP53		NC_000017.11:g.7674239A>C	0.0	Conflicting_classifications_of_pathogenicity	missense	criteria_provided,_conflicting_classifications
TP53		NC_000017.11:g.7674239A>G	0.0	Conflicting_classifications_of_pathogenicity	missense	criteria_provided,_conflicting_classifications
TP53		NC_000017.11:g.7674239A>T	0.0	Conflicting_classifications_of_pathogenicity	missense	criteria_provided,_conflicting_classifications
TP53		NC_000017.11:g.7674241del	0.0	Pathogenic	frameshift	criteria_provided,_multiple_submitters,_no_conflicts
TP53		NC_000017.11:g.7674241G>A	0.0	Pathogenic/Likely_pathogenic	missense	criteria_provided,_multiple_submitters,_no_conflicts
TP53		NC_000017.11:g.7674241G>C	0.0	Pathogenic/Likely_pathogenic	missense	criteria_provided,_multiple_submitters,_no_conflicts
TP53		NC_000017.11:g.7674241G>T	0.0	Pathogenic/Likely_pathogenic	missense	criteria_provided,_multiple_submitters,_no_conflicts
TP53		NC_000017.11:g.7674243del	0.0	Pathogenic	frameshift	criteria_provided,_single_submitter
TP53		NC_000017.11:g.7674242_7674247del	0.0	Pathogenic	other	criteria_provided,_single_submitter
TP53		NC_000017.11:g.7674241_7674248delinsA	0.0	Pathogenic	frameshift	criteria_provided,_single_submitter
TP53		NC_000017.11:g.7674270_7674271insCACTGTTACACATGTAGTTGTAGTGGATG	0.0	Pathogenic	frameshift	criteria_provided,_single_submitter
TP53		NC_000017.11:g.7674242A>C	0.0	Pathogenic/Likely_pathogenic	missense	criteria_provided,_multiple_submitters,_no_conflicts
TP53		NC_000017.11:g.7674242A>G	0.0	Uncertain_significance	missense	criteria_provided,_single_submitter
TP53		NC_000017.11:g.7674242A>T	0.0	Pathogenic/Likely_pathogenic	missense	criteria_provided,_multiple_submitters,_no_conflicts
TP53		NC_000017.11:g.7674245_7674250del	0.0	Uncertain_significance	other	criteria_provided,_single_submitter
TP53		NC_000017.11:g.7674243A>C	0.0	Uncertain_significance	missense	criteria_provided,_multiple_submitters,_no_conflicts
TP53		NC_000017.11:g.7674243A>T	0.0	Uncertain_significance	missense	criteria_provided,_multiple_submitters,_no_conflicts
TP53		NC_000017.11:g.7674244C>A	0.0	Uncertain_significance	missense	criteria_provided,_multiple_submitters,_no_conflicts
TP53		NC_000017.11:g.7674244_7674245insAACA	0.0	Pathogenic	frameshift	criteria_provided,_single_submitter
TP53		NC_000017.11:g.7674245dup	0.0	Pathogenic	frameshift	criteria_provided,_single_submitter
TP53		NC_000017.11:g.7674246_7674248dup	0.0	Uncertain_significance	other	criteria_provided,_multiple_submitters,_no_conflicts
TP53		NC_000017.11:g.7674245_7674248dup	0.0	Pathogenic	frameshift	no_assertion_criteria_provided
TP53		NC_000017.11:g.7674244C>T	0.0	Pathogenic	missense	no_assertion_criteria_provided
TP53		NC_000017.11:g.7674246_7674248del	0.0	Uncertain_significance	other	criteria_provided,_single_submitter
TP53		NC_000017.11:g.7674248_7674256del	0.0	Pathogenic	other	criteria_provided,_single_submitter
TP53		NC_000017.11:g.7674245T>A	0.0	Likely_pathogenic	missense	criteria_provided,_single_submitter
TP53		NC_000017.11:g.7674245T>C	0.0	Pathogenic/Likely_pathogenic	missense	criteria_provided,_multiple_submitters,_no_conflicts
TP53		NC_000017.11:g.7674245T>G	0.0	Conflicting_classifications_of_pathogenicity	missense	criteria_provided,_conflicting_classifications
TP53		NC_000017.11:g.7674246del	0.0	Likely_pathogenic	frameshift	criteria_provided,_single_submitter
TP53		NC_000017.11:g.7674246G>C	0.0	Conflicting_classifications_of_pathogenicity	missense	criteria_provided,_conflicting_classifications
TP53		NC_000017.11:g.7674246_7674247insA	0.0	Pathogenic	frameshift	criteria_provided,_single_submitter
TP53		NC_000017.11:g.7674248del	0.0	Pathogenic	frameshift	criteria_provided,_multiple_submitters,_no_conflicts
TP53		NC_000017.11:g.7674247T>A	0.0	Conflicting_classifications_of_pathogenicity	missense	criteria_provided,_conflicting_classifications
TP53		NC_000017.11:g.7674247T>C	0.0	Pathogenic/Likely_pathogenic	missense	criteria_provided,_multiple_submitters,_no_conflicts
TP53		NC_000017.11:g.7674247T>G	0.0	Conflicting_classifications_of_pathogenicity	missense	criteria_provided,_conflicting_classifications
TP53		NC_000017.11:g.7674250_7674257del	0.0	Pathogenic	other	criteria_provided,_single_submitter
TP53		NC_000017.11:g.7674248T>C	0.0	Conflicting_classifications_of_pathogenicity	missense	criteria_provided,_conflicting_classifications
TP53		NC_000017.11:g.7674249dup	0.0	Pathogenic	other	criteria_provided,_single_submitter
TP53		NC_000017.11:g.7674249del	0.0	Pathogenic	other	criteria_provided,_single_submitter
TP53		NC_000017.11:g.7674250CA[1]	0.0	Pathogenic	other	criteria_provided,_single_submitter
TP53		NC_000017.11:g.7674249_7674261del	0.0	Pathogenic	other	criteria_provided,_single_submitter
TP53		NC_000017.11:g.7674250dup	0.0	Pathogenic	frameshift	criteria_provided,_single_submitter
TP53		NC_000017.11:g.7674249A>C	0.0	Pathogenic/Likely_pathogenic	missense	criteria_provided,_multiple_submitters,_no_conflicts
TP53		NC_000017.11:g.7674249A>T	0.0	Pathogenic	other	criteria_provided,_single_submitter
TP53		NC_000017.11:g.7674250_7674255del	0.0	Pathogenic	other	criteria_provided,_single_submitter
TP53		NC_000017.11:g.7674250C>A	0.0	Pathogenic/Likely_pathogenic	missense	criteria_provided,_multiple_submitters,_no_conflicts
TP53		NC_000017.11:g.7674250C>G	0.0	Pathogenic/Likely_pathogenic	missense	criteria_provided,_multiple_submitters,_no_conflicts
TP53		NC_000017.11:g.7674250C>T	0.0	Pathogenic/Likely_pathogenic	missense	criteria_provided,_multiple_submitters,_no_conflicts
TP53		NC_000017.11:g.7674251A>C	0.0	Pathogenic/Likely_pathogenic	missense	criteria_provided,_multiple_submitters,_no_conflicts
TP53		NC_000017.11:g.7674251A>G	0.0	Pathogenic/Likely_pathogenic	missense	criteria_provided,_multiple_submitters,_no_conflicts
TP53		NC_000017.11:g.7674251A>T	0.0	Conflicting_classifications_of_pathogenicity	missense	criteria_provided,_conflicting_classifications
TP53		NC_000017.11:g.7674252del	0.0	Pathogenic	frameshift	criteria_provided,_single_submitter
TP53		NC_000017.11:g.7674252C>A	0.0	Pathogenic/Likely_pathogenic	missense	criteria_provided,_multiple_submitters,_no_conflicts
TP53		NC_000017.11:g.7674252C>G	0.0	Pathogenic/Likely_pathogenic	missense	criteria_provided,_multiple_submitters,_no_conflicts
TP53		NC_000017.11:g.7674252C>T	0.0	Pathogenic	missense	reviewed_by_expert_panel
TP53		NC_000017.11:g.7674253A>C	0.0	Uncertain_significance	missense	criteria_provided,_multiple_submitters,_no_conflicts
TP53		NC_000017.11:g.7674253A>G	0.0	Uncertain_significance	missense	criteria_provided,_multiple_submitters,_no_conflicts
TP53		NC_000017.11:g.7674253A>T	0.0	Pathogenic/Likely_pathogenic	missense	criteria_provided,_multiple_submitters,_no_conflicts
TP53		NC_000017.11:g.7674254TGTAGT[1]	0.0	Conflicting_classifications_of_pathogenicity	other	criteria_provided,_conflicting_classifications
TP53		NC_000017.11:g.7674254T>A	0.0	Uncertain_significance	missense	criteria_provided,_single_submitter
TP53		NC_000017.11:g.7674254T>C	0.0	Conflicting_classifications_of_pathogenicity	missense	criteria_provided,_conflicting_classifications
TP53		NC_000017.11:g.7674254T>G	0.0	Uncertain_significance	missense	criteria_provided,_single_submitter
TP53		NC_000017.11:g.7674255del	0.0	Pathogenic	frameshift	criteria_provided,_single_submitter
TP53		NC_000017.11:g.7674257_7674259del	0.0	Pathogenic	other	criteria_provided,_single_submitter
TP53		NC_000017.11:g.7674257_7674265del	0.0	Uncertain_significance	other	criteria_provided,_single_submitter
TP53		NC_000017.11:g.7674255G>C	0.0	Pathogenic	other	criteria_provided,_single_submitter
TP53		NC_000017.11:g.7674256_7674257dup	0.0	Pathogenic	frameshift	criteria_provided,_single_submitter
TP53		NC_000017.11:g.7674255G>T	0.0	Pathogenic	other	criteria_provided,_single_submitter
TP53		NC_000017.11:g.7674256T>C	0.0	Conflicting_classifications_of_pathogenicity	missense	criteria_provided,_conflicting_classifications
TP53		NC_000017.11:g.7674256T>G	0.0	Conflicting_classifications_of_pathogenicity	missense	criteria_provided,_conflicting_classifications
TP53		NC_000017.11:g.7674260_7674262dup	0.0	Uncertain_significance	other	criteria_provided,_single_submitter
TP53		NC_000017.11:g.7674257A>C	0.0	Conflicting_classifications_of_pathogenicity	missense	criteria_provided,_conflicting_classifications
TP53		NC_000017.11:g.7674257A>G	0.0	Pathogenic/Likely_pathogenic	missense	criteria_provided,_multiple_submitters,_no_conflicts
TP53		NC_000017.11:g.7674257A>T	0.0	Conflicting_classifications_of_pathogenicity	missense	criteria_provided,_conflicting_classifications
TP53		NC_000017.11:g.7674260_7674262del	0.0	Uncertain_significance	other	criteria_provided,_single_submitter
TP53		NC_000017.11:g.7674259T>A	0.0	Uncertain_significance	missense	criteria_provided,_multiple_submitters,_no_conflicts
TP53		NC_000017.11:g.7674259T>C	0.0	Benign	missense	reviewed_by_expert_panel
TP53		NC_000017.11:g.7674260T>A	0.0	Uncertain_significance	missense	criteria_provided,_single_submitter
TP53		NC_000017.11:g.7674260T>C	0.0	Conflicting_classifications_of_pathogenicity	missense	criteria_provided,_conflicting_classifications
TP53		NC_000017.11:g.7674263_7674265del	0.0	Likely_pathogenic	other	criteria_provided,_single_submitter
TP53		NC_000017.11:g.7674264_7674276del	0.0	Pathogenic	frameshift	criteria_provided,_single_submitter
TP53		NC_000017.11:g.7674261G>C	0.0	Pathogenic	other	criteria_provided,_multiple_submitters,_no_conflicts
TP53		NC_000017.11:g.7674261G>T	0.0	Pathogenic	other	criteria_provided,_multiple_submitters,_no_conflicts
TP53		NC_000017.11:g.7674261_7674263delinsCTG	0.0	Uncertain_significance	missense	criteria_provided,_single_submitter
TP53		NC_000017.11:g.7674262T>C	0.0	Pathogenic/Likely_pathogenic	missense	criteria_provided,_multiple_submitters,_no_conflicts
TP53		NC_000017.11:g.7674262T>G	0.0	Conflicting_classifications_of_pathogenicity	missense	criteria_provided,_conflicting_classifications
TP53		NC_000017.11:g.7674263A>C	0.0	Pathogenic/Likely_pathogenic	missense	criteria_provided,_multiple_submitters,_no_conflicts
TP53		NC_000017.11:g.7674263A>G	0.0	Pathogenic/Likely_pathogenic	missense	criteria_provided,_multiple_submitters,_no_conflicts
TP53		NC_000017.11:g.7674263A>T	0.0	Pathogenic/Likely_pathogenic	missense	criteria_provided,_multiple_submitters,_no_conflicts
TP53		NC_000017.11:g.7674265_7674267del	0.0	Uncertain_significance	other	criteria_provided,_single_submitter
TP53		NC_000017.11:g.7674264_7674275del	0.0	Pathogenic	other	criteria_provided,_single_submitter
TP53		NC_000017.11:g.7674265T>C	0.0	Conflicting_classifications_of_pathogenicity	missense	criteria_provided,_conflicting_classifications
TP53		NC_000017.11:g.7674268_7674276del	0.0	Pathogenic	other	criteria_provided,_single_submitter
TP53		NC_000017.11:g.7674268A>C	0.0	Pathogenic	missense	criteria_provided,_single_submitter
TP53		NC_000017.11:g.7674268A>G	0.0	Pathogenic/Likely_pathogenic	missense	criteria_provided,_multiple_submitters,_no_conflicts
TP53		NC_000017.11:g.7674268A>T	0.0	Pathogenic/Likely_pathogenic	missense	criteria_provided,_multiple_submitters,_no_conflicts
TP53		NC_000017.11:g.7674270GGT[1]	0.0	Uncertain_significance	other	criteria_provided,_single_submitter
TP53		NC_000017.11:g.7674269T>A	0.0	Conflicting_classifications_of_pathogenicity	missense	criteria_provided,_conflicting_classifications
TP53		NC_000017.11:g.7674269T>G	0.0	Conflicting_classifications_of_pathogenicity	missense	criteria_provided,_conflicting_classifications
TP53		NC_000017.11:g.7674271del	0.0	Pathogenic	frameshift	criteria_provided,_single_submitter
TP53		NC_000017.11:g.7674273_7674280del	0.0	Pathogenic	frameshift	criteria_provided,_single_submitter
TP53		NC_000017.11:g.7674271G>A	0.0	Uncertain_significance	missense	criteria_provided,_multiple_submitters,_no_conflicts
TP53		NC_000017.11:g.7674271G>C	0.0	Uncertain_significance	missense	criteria_provided,_multiple_submitters,_no_conflicts
TP53		NC_000017.11:g.7674272T>C	0.0	Uncertain_significance	missense	criteria_provided,_multiple_submitters,_no_conflicts
TP53		NC_000017.11:g.7674274del	0.0	Pathogenic	frameshift	criteria_provided,_multiple_submitters,_no_conflicts
TP53		NC_000017.11:g.7674274G>A	0.0	Uncertain_significance	missense	criteria_provided,_single_submitter
TP53		NC_000017.11:g.7674275T>C	0.0	Uncertain_significance	missense	criteria_provided,_multiple_submitters,_no_conflicts
TP53		NC_000017.11:g.7674277_7674278del	0.0	Pathogenic	frameshift	criteria_provided,_multiple_submitters,_no_conflicts
TP53		NC_000017.11:g.7674280_7674283del	0.0	Pathogenic	frameshift	criteria_provided,_single_submitter
TP53		NC_000017.11:g.7674277C>G	0.0	Conflicting_classifications_of_pathogenicity	missense	criteria_provided,_conflicting_classifications
TP53		NC_000017.11:g.7674277C>T	0.0	Conflicting_classifications_of_pathogenicity	missense	criteria_provided,_conflicting_classifications
TP53		NC_000017.11:g.7674278A>C	0.0	Uncertain_significance	missense	criteria_provided,_multiple_submitters,_no_conflicts
TP53		NC_000017.11:g.7674278A>G	0.0	Conflicting_classifications_of_pathogenicity	missense	criteria_provided,_conflicting_classifications
TP53		NC_000017.11:g.7674279G>C	0.0	Conflicting_classifications_of_pathogenicity	missense	criteria_provided,_conflicting_classifications
TP53		NC_000017.11:g.7674279G>T	0.0	Uncertain_significance	missense	criteria_provided,_single_submitter
TP53		NC_000017.11:g.7674281C>A	0.0	Likely_benign	missense	criteria_provided,_single_submitter
TP53		NC_000017.11:g.7674282dup	0.0	Pathogenic	other	criteria_provided,_multiple_submitters,_no_conflicts
TP53		NC_000017.11:g.7674281C>T	0.0	Uncertain_significance	missense	criteria_provided,_multiple_submitters,_no_conflicts
TP53		NC_000017.11:g.7674282del	0.0	Pathogenic	frameshift	criteria_provided,_single_submitter
TP53		NC_000017.11:g.7674283del	0.0	Pathogenic/Likely_pathogenic	frameshift	no_assertion_criteria_provided
TP53		NC_000017.11:g.7674283G>A	0.0	Uncertain_significance	missense	criteria_provided,_single_submitter
TP53		NC_000017.11:g.7674286C>A	0.0	Conflicting_classifications_of_pathogenicity	missense	criteria_provided,_conflicting_classifications
TP53		NC_000017.11:g.7674286C>G	0.0	Uncertain_significance	missense	criteria_provided,_multiple_submitters,_no_conflicts
TP53		NC_000017.11:g.7674287C>T	0.0	Uncertain_significance	missense	criteria_provided,_multiple_submitters,_no_conflicts
TP53		NC_000017.11:g.7674289del	0.0	Pathogenic	frameshift	no_assertion_criteria_provided
TP53		NC_000017.11:g.7674291dup	0.0	Pathogenic	unknown	criteria_provided,_single_submitter
TP53		NC_000017.11:g.7674289A>T	0.0	Conflicting_classifications_of_pathogenicity	missense	criteria_provided,_conflicting_classifications
TP53		NC_000017.11:g.7674290C>A	0.0	Uncertain_significance	missense	criteria_provided,_single_submitter
TP53		NC_000017.11:g.7674290C>T	0.0	Conflicting_classifications_of_pathogenicity	missense	criteria_provided,_conflicting_classifications
TP53		NC_000017.11:g.7674291C>A	0.0	Pathogenic	splice_acceptor	criteria_provided,_single_submitter
TP53		NC_000017.11:g.7674291C>G	0.0	Pathogenic/Likely_pathogenic	splice_acceptor	criteria_provided,_multiple_submitters,_no_conflicts
TP53		NC_000017.11:g.7674291C>T	0.0	Pathogenic	splice_acceptor	criteria_provided,_multiple_submitters,_no_conflicts
TP53		NC_000017.11:g.7674292T>A	0.0	Pathogenic/Likely_pathogenic	splice_acceptor	criteria_provided,_multiple_submitters,_no_conflicts
TP53		NC_000017.11:g.7674292T>C	0.0	Pathogenic/Likely_pathogenic	splice_acceptor	criteria_provided,_multiple_submitters,_no_conflicts
TP53		NC_000017.11:g.7674296_7674307del	0.0	Uncertain_significance	intronic	criteria_provided,_single_submitter
TP53		NC_000017.11:g.7674293A>C	0.0	Uncertain_significance	intronic	criteria_provided,_single_submitter
TP53		NC_000017.11:g.7674293A>G	0.0	Conflicting_classifications_of_pathogenicity	intronic	criteria_provided,_conflicting_classifications
TP53		NC_000017.11:g.7674294G>A	0.0	Likely_benign	intronic	criteria_provided,_single_submitter
TP53		NC_000017.11:g.7674294G>C	0.0	Conflicting_classifications_of_pathogenicity	intronic	criteria_provided,_conflicting_classifications
TP53		NC_000017.11:g.7674295G>A	0.0	Uncertain_significance	intronic	criteria_provided,_single_submitter
TP53		NC_000017.11:g.7674295G>C	0.0	Likely_benign	intronic	reviewed_by_expert_panel
TP53		NC_000017.11:g.7674295G>T	0.0	Likely_benign	intronic	criteria_provided,_multiple_submitters,_no_conflicts
TP53		NC_000017.11:g.7674298del	0.0	Likely_benign	intronic	criteria_provided,_single_submitter
TP53		NC_000017.11:g.7674299del	0.0	Likely_benign	intronic	criteria_provided,_multiple_submitters,_no_conflicts
TP53		NC_000017.11:g.7674299T>C	0.0	Likely_benign	intronic	criteria_provided,_multiple_submitters,_no_conflicts
TP53		NC_000017.11:g.7674300A>G	0.0	Likely_benign	intronic	criteria_provided,_multiple_submitters,_no_conflicts
TP53		NC_000017.11:g.7674302C>A	0.0	Likely_benign	intronic	criteria_provided,_single_submitter
TP53		NC_000017.11:g.7674302C>T	0.0	Likely_benign	intronic	criteria_provided,_multiple_submitters,_no_conflicts
TP53		NC_000017.11:g.7674303A>G	0.0	Likely_benign	intronic	criteria_provided,_multiple_submitters,_no_conflicts
TP53		NC_000017.11:g.7674304C>T	0.0	Likely_benign	intronic	criteria_provided,_single_submitter
TP53		NC_000017.11:g.7674305A>C	0.0	Likely_benign	intronic	criteria_provided,_single_submitter
TP53		NC_000017.11:g.7674306G>A	0.0	Likely_benign	intronic	criteria_provided,_single_submitter
TP53		NC_000017.11:g.7674310del	0.0	Likely_benign	intronic	criteria_provided,_single_submitter
TP53		NC_000017.11:g.7674308C>T	0.0	Likely_benign	intronic	criteria_provided,_multiple_submitters,_no_conflicts
TP53		NC_000017.11:g.7674309C>T	0.0	Benign/Likely_benign	intronic	criteria_provided,_multiple_submitters,_no_conflicts
TP53		NC_000017.11:g.7674310C>A	0.0	Likely_benign	intronic	criteria_provided,_single_submitter
TP53		NC_000017.11:g.7674319G>A	0.0	Likely_benign	intronic	criteria_provided,_single_submitter
TP53		NC_000017.11:g.7674319G>C	0.0	Likely_benign	intronic	no_assertion_criteria_provided
TP53		NC_000017.11:g.7674323G>A	0.0	Likely_benign	intronic	criteria_provided,_single_submitter
TP53		NC_000017.11:g.7674326C>G	0.0	Benign	intronic	criteria_provided,_multiple_submitters,_no_conflicts
TP53		NC_000017.11:g.7674327G>A	0.0	Conflicting_classifications_of_pathogenicity	intronic	criteria_provided,_conflicting_classifications
TP53		NC_000017.11:g.7674329C>T	0.0	Likely_pathogenic	intronic	criteria_provided,_single_submitter
TP53		NC_000017.11:g.7674334G>A	0.0	Benign	intronic	criteria_provided,_single_submitter
TP53		NC_000017.11:g.7674335G>A	0.0	Likely_benign	intronic	no_assertion_criteria_provided
TP53		NC_000017.11:g.7674390G>A	0.0	Likely_benign	intronic	criteria_provided,_multiple_submitters,_no_conflicts
TP53		NC_000017.11:g.7674400C>T	0.0	Uncertain_significance	intronic	criteria_provided,_single_submitter
TP53		NC_000017.11:g.7674534dup	0.0	Likely_benign	intronic	criteria_provided,_single_submitter
TP53		NC_000017.11:g.7674639C>A	0.0	Benign	intronic	criteria_provided,_multiple_submitters,_no_conflicts
TP53		NC_000017.11:g.7674797T>C	0.0	Benign	intronic	criteria_provided,_multiple_submitters,_no_conflicts
TP53		NC_000017.11:g.7674811C>A	0.0	Likely_benign	intronic	criteria_provided,_multiple_submitters,_no_conflicts
TP53		NC_000017.11:g.7674811C>T	0.0	Benign/Likely_benign	intronic	criteria_provided,_multiple_submitters,_no_conflicts
TP53		NC_000017.11:g.7674824C>A	0.0	Likely_benign	intronic	criteria_provided,_single_submitter
TP53		NC_000017.11:g.7674825C>T	0.0	Likely_benign	intronic	criteria_provided,_single_submitter
TP53		NC_000017.11:g.7674828T>C	0.0	Benign/Likely_benign	intronic	criteria_provided,_multiple_submitters,_no_conflicts
TP53		NC_000017.11:g.7674835A>G	0.0	Likely_benign	intronic	criteria_provided,_single_submitter
TP53		NC_000017.11:g.7674838_7674852del	0.0	Likely_benign	intronic	criteria_provided,_multiple_submitters,_no_conflicts
TP53		NC_000017.11:g.7674838_7676615del	0.0	Pathogenic	splice_acceptor	criteria_provided,_single_submitter
TP53		NC_000017.11:g.7674839A>T	0.0	Likely_benign	intronic	criteria_provided,_single_submitter
TP53		NC_000017.11:g.7674840C>T	0.0	Likely_benign	intronic	criteria_provided,_multiple_submitters,_no_conflicts
TP53		NC_000017.11:g.7674841C>G	0.0	Benign/Likely_benign	intronic	criteria_provided,_multiple_submitters,_no_conflicts
TP53		NC_000017.11:g.7674841C>T	0.0	Likely_benign	intronic	criteria_provided,_single_submitter
TP53		NC_000017.11:g.7674843C>T	0.0	Likely_benign	intronic	criteria_provided,_multiple_submitters,_no_conflicts
TP53		NC_000017.11:g.7674844del	0.0	Likely_benign	intronic	criteria_provided,_single_submitter
TP53		NC_000017.11:g.7674844A>C	0.0	Likely_benign	intronic	criteria_provided,_single_submitter
TP53		NC_000017.11:g.7674844A>G	0.0	Benign/Likely_benign	intronic	criteria_provided,_multiple_submitters,_no_conflicts
TP53		NC_000017.11:g.7674845G>A	0.0	Likely_benign	intronic	criteria_provided,_single_submitter
TP53		NC_000017.11:g.7674845G>C	0.0	Likely_benign	intronic	criteria_provided,_multiple_submitters,_no_conflicts
TP53		NC_000017.11:g.7674846T>C	0.0	Likely_benign	intronic	criteria_provided,_single_submitter
TP53		NC_000017.11:g.7674846T>G	0.0	Likely_benign	intronic	criteria_provided,_single_submitter
TP53		NC_000017.11:g.7674850A>G	0.0	Conflicting_classifications_of_pathogenicity	intronic	criteria_provided,_conflicting_classifications
TP53		NC_000017.11:g.7674851A>C	0.0	Conflicting_classifications_of_pathogenicity	intronic	criteria_provided,_conflicting_classifications
TP53		NC_000017.11:g.7674851_7674853delinsCAA	0.0	Conflicting_classifications_of_pathogenicity	intronic	criteria_provided,_conflicting_classifications
TP53		NC_000017.11:g.7674852A>C	0.0	Likely_benign	intronic	criteria_provided,_single_submitter
TP53		NC_000017.11:g.7674853C>A	0.0	Conflicting_classifications_of_pathogenicity	intronic	criteria_provided,_conflicting_classifications
TP53		NC_000017.11:g.7674853C>G	0.0	Uncertain_significance	intronic	criteria_provided,_single_submitter
TP53		NC_000017.11:g.7674853C>T	0.0	Uncertain_significance	intronic	criteria_provided,_single_submitter
TP53		NC_000017.11:g.7674854C>A	0.0	Uncertain_significance	intronic	criteria_provided,_single_submitter
TP53		NC_000017.11:g.7674854C>G	0.0	Uncertain_significance	intronic	criteria_provided,_single_submitter
TP53		NC_000017.11:g.7674855A>G	0.0	Uncertain_significance	intronic	criteria_provided,_single_submitter
TP53		NC_000017.11:g.7674856G>A	0.0	Uncertain_significance	intronic	criteria_provided,_single_submitter
TP53		NC_000017.11:g.7674860_7674880dup	0.0	Uncertain_significance	splice_donor	criteria_provided,_single_submitter
TP53		NC_000017.11:g.7674857A>C	0.0	Pathogenic	splice_donor	criteria_provided,_multiple_submitters,_no_conflicts
TP53		NC_000017.11:g.7674857A>G	0.0	Pathogenic	splice_donor	criteria_provided,_single_submitter
TP53		NC_000017.11:g.7674857A>T	0.0	Likely_pathogenic	splice_donor	criteria_provided,_single_submitter
TP53		NC_000017.11:g.7674859del	0.0	Pathogenic	splice_donor	no_assertion_criteria_provided
TP53		NC_000017.11:g.7674858C>A	0.0	Pathogenic/Likely_pathogenic	splice_donor	criteria_provided,_multiple_submitters,_no_conflicts
TP53		NC_000017.11:g.7674858C>G	0.0	Pathogenic/Likely_pathogenic	splice_donor	criteria_provided,_multiple_submitters,_no_conflicts
TP53		NC_000017.11:g.7674858C>T	0.0	Pathogenic/Likely_pathogenic	splice_donor	criteria_provided,_multiple_submitters,_no_conflicts
TP53		NC_000017.11:g.7674859C>A	0.0	Conflicting_classifications_of_pathogenicity	missense	criteria_provided,_conflicting_classifications
TP53		NC_000017.11:g.7674859C>G	0.0	Uncertain_significance	missense	criteria_provided,_single_submitter
TP53		NC_000017.11:g.7674860del	0.0	Pathogenic	frameshift	criteria_provided,_single_submitter
TP53		NC_000017.11:g.7674860T>C	0.0	Uncertain_significance	missense	criteria_provided,_multiple_submitters,_no_conflicts
TP53		NC_000017.11:g.7674860T>G	0.0	Uncertain_significance	missense	criteria_provided,_multiple_submitters,_no_conflicts
TP53		NC_000017.11:g.7674863_7674878del	0.0	Pathogenic	frameshift	criteria_provided,_single_submitter
TP53		NC_000017.11:g.7674861C>T	0.0	Uncertain_significance	missense	criteria_provided,_multiple_submitters,_no_conflicts
TP53		NC_000017.11:g.7674864del	0.0	Pathogenic	frameshift	criteria_provided,_single_submitter
TP53		NC_000017.11:g.7674866_7674877del	0.0	Conflicting_classifications_of_pathogenicity	other	criteria_provided,_conflicting_classifications
TP53		NC_000017.11:g.7674863G>A	0.0	Uncertain_significance	missense	criteria_provided,_multiple_submitters,_no_conflicts
TP53		NC_000017.11:g.7674866_7674870del	0.0	Pathogenic	frameshift	criteria_provided,_single_submitter
TP53		NC_000017.11:g.7674865_7674880del	0.0	Pathogenic	frameshift	criteria_provided,_multiple_submitters,_no_conflicts
TP53		NC_000017.11:g.7674867dup	0.0	Pathogenic	frameshift	criteria_provided,_single_submitter
TP53		NC_000017.11:g.7674867del	0.0	Pathogenic	frameshift	criteria_provided,_multiple_submitters,_no_conflicts
TP53		NC_000017.11:g.7674869_7674877del	0.0	Likely_pathogenic	other	criteria_provided,_single_submitter
TP53		NC_000017.11:g.7674866G>A	0.0	Conflicting_classifications_of_pathogenicity	missense	criteria_provided,_conflicting_classifications
TP53		NC_000017.11:g.7674866G>T	0.0	Uncertain_significance	missense	criteria_provided,_single_submitter
TP53		NC_000017.11:g.7674867G>A	0.0	Conflicting_classifications_of_pathogenicity	missense	criteria_provided,_conflicting_classifications
TP53		NC_000017.11:g.7674869_7674880dup	0.0	Uncertain_significance	other	criteria_provided,_single_submitter
TP53		NC_000017.11:g.7674869_7674880del	0.0	Pathogenic	other	criteria_provided,_single_submitter
TP53		NC_000017.11:g.7674868_7674885del	0.0	Likely_pathogenic	unknown	criteria_provided,_single_submitter
TP53		NC_000017.11:g.7674869del	0.0	Pathogenic	frameshift	criteria_provided,_multiple_submitters,_no_conflicts
TP53		NC_000017.11:g.7674869_7674886del	0.0	Uncertain_significance	other	criteria_provided,_single_submitter
TP53		NC_000017.11:g.7674869T>G	0.0	Uncertain_significance	missense	criteria_provided,_single_submitter
TP53		NC_000017.11:g.7674869_7674870delinsAT	0.0	Uncertain_significance	missense	criteria_provided,_single_submitter
TP53		NC_000017.11:g.7674870C>A	0.0	Pathogenic	other	criteria_provided,_multiple_submitters,_no_conflicts
TP53		NC_000017.11:g.7674870C>T	0.0	Uncertain_significance	missense	criteria_provided,_multiple_submitters,_no_conflicts
TP53		NC_000017.11:g.7674872_7674873del	0.0	Pathogenic	other	criteria_provided,_single_submitter
TP53		NC_000017.11:g.7674872_7674895del	0.0	Likely_pathogenic	other	criteria_provided,_single_submitter
TP53		NC_000017.11:g.7674871A>T	0.0	Pathogenic	other	criteria_provided,_multiple_submitters,_no_conflicts
TP53		NC_000017.11:g.7674872T>C	0.0	Pathogenic	missense	reviewed_by_expert_panel
TP53		NC_000017.11:g.7674872T>G	0.0	Pathogenic	missense	criteria_provided,_multiple_submitters,_no_conflicts
TP53		NC_000017.11:g.7674875_7674976dup	0.0	Uncertain_significance	splice_acceptor	criteria_provided,_single_submitter
TP53		NC_000017.11:g.7674872_7674873insGAG	0.0	Uncertain_significance	other	criteria_provided,_single_submitter
TP53		NC_000017.11:g.7674874_7674881del	0.0	Pathogenic	frameshift	criteria_provided,_single_submitter
TP53		NC_000017.11:g.7674876dup	0.0	Pathogenic	frameshift	criteria_provided,_single_submitter
TP53		NC_000017.11:g.7674873A>C	0.0	Conflicting_classifications_of_pathogenicity	missense	criteria_provided,_conflicting_classifications
TP53		NC_000017.11:g.7674873A>G	0.0	Pathogenic/Likely_pathogenic	missense	criteria_provided,_multiple_submitters,_no_conflicts
TP53		NC_000017.11:g.7674873A>T	0.0	Conflicting_classifications_of_pathogenicity	missense	criteria_provided,_conflicting_classifications
TP53		NC_000017.11:g.7674876del	0.0	Pathogenic	frameshift	criteria_provided,_single_submitter
TP53		NC_000017.11:g.7674875G>A	0.0	Uncertain_significance	missense	criteria_provided,_multiple_submitters,_no_conflicts
TP53		NC_000017.11:g.7674875G>C	0.0	Uncertain_significance	missense	criteria_provided,_single_submitter
TP53		NC_000017.11:g.7674876_7674878del	0.0	Pathogenic	other	criteria_provided,_single_submitter
TP53		NC_000017.11:g.7674876G>A	0.0	Conflicting_classifications_of_pathogenicity	missense	criteria_provided,_conflicting_classifications
TP53		NC_000017.11:g.7674876G>C	0.0	Uncertain_significance	missense	criteria_provided,_single_submitter
TP53		NC_000017.11:g.7674876_7674877insA	0.0	Pathogenic	frameshift	criteria_provided,_single_submitter
TP53		NC_000017.11:g.7674876G>T	0.0	Uncertain_significance	missense	criteria_provided,_single_submitter
TP53		NC_000017.11:g.7674877CAC[2]	0.0	Pathogenic/Likely_pathogenic	other	criteria_provided,_multiple_submitters,_no_conflicts
TP53		NC_000017.11:g.7674878A>C	0.0	Conflicting_classifications_of_pathogenicity	missense	criteria_provided,_conflicting_classifications
TP53		NC_000017.11:g.7674878A>T	0.0	Likely_pathogenic	missense	criteria_provided,_multiple_submitters,_no_conflicts
TP53		NC_000017.11:g.7674880del	0.0	Pathogenic	frameshift	criteria_provided,_single_submitter
TP53		NC_000017.11:g.7674883_7674887dup	0.0	Pathogenic	frameshift	no_assertion_criteria_provided
TP53		NC_000017.11:g.7674879C>T	0.0	Conflicting_classifications_of_pathogenicity	missense	criteria_provided,_conflicting_classifications
TP53		NC_000017.11:g.7674883del	0.0	Pathogenic	frameshift	criteria_provided,_multiple_submitters,_no_conflicts
TP53		NC_000017.11:g.7674882C>A	0.0	Conflicting_classifications_of_pathogenicity	missense	criteria_provided,_conflicting_classifications
TP53		NC_000017.11:g.7674882C>T	0.0	Conflicting_classifications_of_pathogenicity	missense	criteria_provided,_conflicting_classifications
TP53		NC_000017.11:g.7674884_7674886del	0.0	Pathogenic	other	criteria_provided,_single_submitter
TP53		NC_000017.11:g.7674884A>C	0.0	Conflicting_classifications_of_pathogenicity	missense	criteria_provided,_conflicting_classifications
TP53		NC_000017.11:g.7674884A>T	0.0	Uncertain_significance	missense	criteria_provided,_multiple_submitters,_no_conflicts
TP53		NC_000017.11:g.7674885C>A	0.0	Conflicting_classifications_of_pathogenicity	missense	criteria_provided,_conflicting_classifications
TP53		NC_000017.11:g.7674885C>G	0.0	Conflicting_classifications_of_pathogenicity	missense	criteria_provided,_conflicting_classifications
TP53		NC_000017.11:g.7674885C>T	0.0	Pathogenic/Likely_pathogenic	missense	criteria_provided,_multiple_submitters,_no_conflicts
TP53		NC_000017.11:g.7674886del	0.0	Pathogenic	frameshift	criteria_provided,_multiple_submitters,_no_conflicts
TP53		NC_000017.11:g.7674887_7674897del	0.0	Pathogenic	frameshift	criteria_provided,_single_submitter
TP53		NC_000017.11:g.7674887_7674888dup	0.0	Pathogenic	frameshift	criteria_provided,_multiple_submitters,_no_conflicts
TP53		NC_000017.11:g.7674886A>C	0.0	Conflicting_classifications_of_pathogenicity	missense	criteria_provided,_conflicting_classifications
TP53		NC_000017.11:g.7674886A>T	0.0	Conflicting_classifications_of_pathogenicity	missense	criteria_provided,_conflicting_classifications
TP53		NC_000017.11:g.7674887del	0.0	Pathogenic	frameshift	criteria_provided,_single_submitter
TP53		NC_000017.11:g.7674887C>A	0.0	Conflicting_classifications_of_pathogenicity	missense	criteria_provided,_conflicting_classifications
TP53		NC_000017.11:g.7674888dup	0.0	Pathogenic	frameshift	no_assertion_criteria_provided
TP53		NC_000017.11:g.7674887C>G	0.0	Conflicting_classifications_of_pathogenicity	missense	criteria_provided,_conflicting_classifications
TP53		NC_000017.11:g.7674887C>T	0.0	Conflicting_classifications_of_pathogenicity	missense	criteria_provided,_conflicting_classifications
TP53		NC_000017.11:g.7674888del	0.0	Pathogenic	frameshift	criteria_provided,_single_submitter
TP53		NC_000017.11:g.7674889_7674890del	0.0	Pathogenic	frameshift	criteria_provided,_multiple_submitters,_no_conflicts
TP53		NC_000017.11:g.7674888T>A	0.0	Uncertain_significance	missense	criteria_provided,_multiple_submitters,_no_conflicts
TP53		NC_000017.11:g.7674888T>C	0.0	Conflicting_classifications_of_pathogenicity	missense	criteria_provided,_conflicting_classifications
TP53		NC_000017.11:g.7674888T>G	0.0	Conflicting_classifications_of_pathogenicity	missense	criteria_provided,_conflicting_classifications
TP53		NC_000017.11:g.7674889del	0.0	Pathogenic	frameshift	criteria_provided,_single_submitter
TP53		NC_000017.11:g.7674890_7674897del	0.0	Pathogenic	other	criteria_provided,_single_submitter
TP53		NC_000017.11:g.7674889A>C	0.0	Conflicting_classifications_of_pathogenicity	missense	criteria_provided,_conflicting_classifications
TP53		NC_000017.11:g.7674890T>A	0.0	Likely_pathogenic	missense	reviewed_by_expert_panel
TP53		NC_000017.11:g.7674890T>C	0.0	Pathogenic	missense	reviewed_by_expert_panel
TP53		NC_000017.11:g.7674890T>G	0.0	Uncertain_significance	missense	criteria_provided,_multiple_submitters,_no_conflicts
TP53		NC_000017.11:g.7674891G>A	0.0	Uncertain_significance	missense	reviewed_by_expert_panel
TP53		NC_000017.11:g.7674891G>T	0.0	Uncertain_significance	missense	criteria_provided,_multiple_submitters,_no_conflicts
TP53		NC_000017.11:g.7674894_7674905del	0.0	Pathogenic	other	criteria_provided,_single_submitter
TP53		NC_000017.11:g.7674892_7674894delinsCCA	0.0	Likely_pathogenic	missense	criteria_provided,_single_submitter
TP53		NC_000017.11:g.7674893C>A	0.0	Conflicting_classifications_of_pathogenicity	missense	criteria_provided,_conflicting_classifications
TP53		NC_000017.11:g.7674893C>G	0.0	Pathogenic/Likely_pathogenic	missense	criteria_provided,_multiple_submitters,_no_conflicts
TP53		NC_000017.11:g.7674893C>T	0.0	Pathogenic/Likely_pathogenic	missense	criteria_provided,_multiple_submitters,_no_conflicts
TP53		NC_000017.11:g.7674894G>A	0.0	Pathogenic	other	criteria_provided,_multiple_submitters,_no_conflicts
TP53		NC_000017.11:g.7674894G>C	0.0	Conflicting_classifications_of_pathogenicity	missense	criteria_provided,_conflicting_classifications
TP53		NC_000017.11:g.7674895_7674933dup	0.0	Uncertain_significance	other	criteria_provided,_single_submitter
TP53		NC_000017.11:g.7674898del	0.0	Pathogenic	frameshift	reviewed_by_expert_panel
TP53		NC_000017.11:g.7674897_7674898del	0.0	Pathogenic	frameshift	criteria_provided,_multiple_submitters,_no_conflicts
TP53		NC_000017.11:g.7674896A>G	0.0	Likely_benign	missense	criteria_provided,_single_submitter
TP53		NC_000017.11:g.7674897_7674901del	0.0	Pathogenic	frameshift	criteria_provided,_single_submitter
TP53		NC_000017.11:g.7674897A>T	0.0	Uncertain_significance	missense	criteria_provided,_multiple_submitters,_no_conflicts
TP53		NC_000017.11:g.7674899GT[1]	0.0	Pathogenic	frameshift	criteria_provided,_multiple_submitters,_no_conflicts
TP53		NC_000017.11:g.7674899G>A	0.0	Conflicting_classifications_of_pathogenicity	missense	criteria_provided,_conflicting_classifications
TP53		NC_000017.11:g.7674899G>C	0.0	Uncertain_significance	missense	criteria_provided,_single_submitter
TP53		NC_000017.11:g.7674900T>C	0.0	Uncertain_significance	missense	criteria_provided,_multiple_submitters,_no_conflicts
TP53		NC_000017.11:g.7674900T>G	0.0	Conflicting_classifications_of_pathogenicity	missense	criteria_provided,_conflicting_classifications
TP53		NC_000017.11:g.7674904del	0.0	Pathogenic	frameshift	criteria_provided,_single_submitter
TP53		NC_000017.11:g.7674903_7674904del	0.0	Pathogenic	frameshift	no_assertion_criteria_provided
TP53		NC_000017.11:g.7674902T>C	0.0	Likely_benign	missense	criteria_provided,_single_submitter
TP53		NC_000017.11:g.7674903T>A	0.0	Uncertain_significance	missense	criteria_provided,_single_submitter
TP53		NC_000017.11:g.7674905_7674906del	0.0	Pathogenic	frameshift	criteria_provided,_multiple_submitters,_no_conflicts
TP53		NC_000017.11:g.7674904T>G	0.0	Conflicting_classifications_of_pathogenicity	missense	criteria_provided,_conflicting_classifications
TP53		NC_000017.11:g.7674905dup	0.0	Pathogenic	frameshift	criteria_provided,_single_submitter
TP53		NC_000017.11:g.7674906_7674913dup	0.0	Pathogenic	frameshift	criteria_provided,_single_submitter
TP53		NC_000017.11:g.7674905C>T	0.0	Conflicting_classifications_of_pathogenicity	missense	criteria_provided,_conflicting_classifications
TP53		NC_000017.11:g.7674906T>C	0.0	Conflicting_classifications_of_pathogenicity	missense	criteria_provided,_conflicting_classifications
TP53		NC_000017.11:g.7674907G>C	0.0	Uncertain_significance	missense	criteria_provided,_single_submitter
TP53		NC_000017.11:g.7674908T>A	0.0	Conflicting_classifications_of_pathogenicity	missense	criteria_provided,_conflicting_classifications
TP53		NC_000017.11:g.7674908T>C	0.0	Uncertain_significance	missense	criteria_provided,_multiple_submitters,_no_conflicts
TP53		NC_000017.11:g.7674908T>G	0.0	Uncertain_significance	missense	criteria_provided,_single_submitter
TP53		NC_000017.11:g.7674909C>A	0.0	Conflicting_classifications_of_pathogenicity	missense	criteria_provided,_conflicting_classifications
TP53		NC_000017.11:g.7674909C>G	0.0	Uncertain_significance	missense	criteria_provided,_multiple_submitters,_no_conflicts
TP53		NC_000017.11:g.7674909C>T	0.0	Likely_benign	missense	criteria_provided,_single_submitter
TP53		NC_000017.11:g.7674910A>C	0.0	Likely_benign	missense	criteria_provided,_single_submitter
TP53		NC_000017.11:g.7674911T>C	0.0	Uncertain_significance	missense	criteria_provided,_single_submitter
TP53		NC_000017.11:g.7674912C>G	0.0	Uncertain_significance	missense	criteria_provided,_single_submitter
TP53		NC_000017.11:g.7674912C>T	0.0	Uncertain_significance	missense	criteria_provided,_single_submitter
TP53		NC_000017.11:g.7674914_7674919del	0.0	Likely_pathogenic	other	criteria_provided,_single_submitter
TP53		NC_000017.11:g.7674913C>G	0.0	Uncertain_significance	missense	criteria_provided,_single_submitter
TP53		NC_000017.11:g.7674916del	0.0	Pathogenic	frameshift	criteria_provided,_single_submitter
TP53		NC_000017.11:g.7674914A>C	0.0	Uncertain_significance	missense	criteria_provided,_single_submitter
TP53		NC_000017.11:g.7674914A>G	0.0	Conflicting_classifications_of_pathogenicity	missense	criteria_provided,_conflicting_classifications
TP53		NC_000017.11:g.7674914A>T	0.0	Pathogenic	other	criteria_provided,_single_submitter
TP53		NC_000017.11:g.7674916A>C	0.0	Pathogenic	other	criteria_provided,_single_submitter
TP53		NC_000017.11:g.7674916A>T	0.0	Pathogenic	other	criteria_provided,_single_submitter
TP53		NC_000017.11:g.7674917T>C	0.0	Pathogenic	missense	criteria_provided,_multiple_submitters,_no_conflicts
TP53		NC_000017.11:g.7674917T>G	0.0	Uncertain_significance	missense	criteria_provided,_single_submitter
TP53		NC_000017.11:g.7674918A>C	0.0	Pathogenic/Likely_pathogenic	missense	criteria_provided,_multiple_submitters,_no_conflicts
TP53		NC_000017.11:g.7674918A>G	0.0	Pathogenic/Likely_pathogenic	missense	criteria_provided,_multiple_submitters,_no_conflicts
TP53		NC_000017.11:g.7674918A>T	0.0	Conflicting_classifications_of_pathogenicity	missense	criteria_provided,_conflicting_classifications
TP53		NC_000017.11:g.7674925_7674942dup	0.0	Uncertain_significance	other	criteria_provided,_single_submitter
TP53		NC_000017.11:g.7674919C>G	0.0	Likely_benign	missense	criteria_provided,_single_submitter
TP53		NC_000017.11:g.7674925_7674942del	0.0	Likely_pathogenic	other	no_assertion_criteria_provided
TP53		NC_000017.11:g.7674920T>A	0.0	Uncertain_significance	missense	criteria_provided,_single_submitter
TP53		NC_000017.11:g.7674920T>C	0.0	Uncertain_significance	missense	criteria_provided,_single_submitter
TP53		NC_000017.11:g.7674922_7674924del	0.0	Uncertain_significance	other	criteria_provided,_single_submitter
TP53		NC_000017.11:g.7674921C>A	0.0	Pathogenic	other	criteria_provided,_multiple_submitters,_no_conflicts
TP53		NC_000017.11:g.7674921_7674922delinsAG	0.0	Pathogenic	other	no_assertion_criteria_provided
TP53		NC_000017.11:g.7674923AC[1]	0.0	Pathogenic	frameshift	criteria_provided,_single_submitter
TP53		NC_000017.11:g.7674923A>T	0.0	Uncertain_significance	missense	criteria_provided,_single_submitter
TP53		NC_000017.11:g.7674924C>A	0.0	Uncertain_significance	missense	criteria_provided,_multiple_submitters,_no_conflicts
TP53		NC_000017.11:g.7674924C>G	0.0	Uncertain_significance	missense	criteria_provided,_multiple_submitters,_no_conflicts
TP53		NC_000017.11:g.7674924C>T	0.0	Uncertain_significance	missense	reviewed_by_expert_panel
TP53		NC_000017.11:g.7674926C>A	0.0	Uncertain_significance	missense	criteria_provided,_multiple_submitters,_no_conflicts
TP53		NC_000017.11:g.7674926C>G	0.0	Uncertain_significance	missense	criteria_provided,_single_submitter
TP53		NC_000017.11:g.7674926C>T	0.0	Conflicting_classifications_of_pathogenicity	missense	criteria_provided,_conflicting_classifications
TP53		NC_000017.11:g.7674927G>A	0.0	Conflicting_classifications_of_pathogenicity	missense	criteria_provided,_conflicting_classifications
TP53		NC_000017.11:g.7674927G>C	0.0	Conflicting_classifications_of_pathogenicity	missense	criteria_provided,_conflicting_classifications
TP53		NC_000017.11:g.7674931dup	0.0	Pathogenic	frameshift	criteria_provided,_single_submitter
TP53		NC_000017.11:g.7674931del	0.0	Pathogenic	frameshift	criteria_provided,_single_submitter
TP53		NC_000017.11:g.7674930A>T	0.0	Uncertain_significance	missense	criteria_provided,_single_submitter
TP53		NC_000017.11:g.7674934del	0.0	Pathogenic	frameshift	criteria_provided,_multiple_submitters,_no_conflicts
TP53		NC_000017.11:g.7674932T>C	0.0	Uncertain_significance	missense	criteria_provided,_single_submitter
TP53		NC_000017.11:g.7674933TTCC[1]	0.0	Pathogenic	frameshift	criteria_provided,_single_submitter
TP53		NC_000017.11:g.7674933T>A	0.0	Uncertain_significance	missense	criteria_provided,_single_submitter
TP53		NC_000017.11:g.7674933T>C	0.0	Uncertain_significance	missense	criteria_provided,_multiple_submitters,_no_conflicts
TP53		NC_000017.11:g.7674933T>G	0.0	Uncertain_significance	missense	criteria_provided,_single_submitter
TP53		NC_000017.11:g.7674935C>A	0.0	Likely_pathogenic	missense	criteria_provided,_single_submitter
TP53		NC_000017.11:g.7674935C>T	0.0	Uncertain_significance	missense	criteria_provided,_multiple_submitters,_no_conflicts
TP53		NC_000017.11:g.7674936C>A	0.0	Pathogenic	other	no_assertion_criteria_provided
TP53		NC_000017.11:g.7674936C>T	0.0	Uncertain_significance	missense	criteria_provided,_single_submitter
TP53		NC_000017.11:g.7674938T>C	0.0	Uncertain_significance	missense	criteria_provided,_multiple_submitters,_no_conflicts
TP53		NC_000017.11:g.7674940del	0.0	Pathogenic	frameshift	criteria_provided,_single_submitter
TP53		NC_000017.11:g.7674939C>A	0.0	Pathogenic	other	criteria_provided,_single_submitter
TP53		NC_000017.11:g.7674941A>C	0.0	Uncertain_significance	missense	criteria_provided,_multiple_submitters,_no_conflicts
TP53		NC_000017.11:g.7674941A>G	0.0	Uncertain_significance	missense	criteria_provided,_single_submitter
TP53		NC_000017.11:g.7674941A>T	0.0	Uncertain_significance	missense	criteria_provided,_multiple_submitters,_no_conflicts
TP53		NC_000017.11:g.7674942C>A	0.0	Uncertain_significance	missense	criteria_provided,_multiple_submitters,_no_conflicts
TP53		NC_000017.11:g.7674942C>G	0.0	Uncertain_significance	missense	criteria_provided,_multiple_submitters,_no_conflicts
TP53		NC_000017.11:g.7674942C>T	0.0	Conflicting_classifications_of_pathogenicity	missense	criteria_provided,_conflicting_classifications
TP53		NC_000017.11:g.7674944C>A	0.0	Conflicting_classifications_of_pathogenicity	missense	criteria_provided,_conflicting_classifications
TP53		NC_000017.11:g.7674944C>G	0.0	Pathogenic/Likely_pathogenic	missense	criteria_provided,_multiple_submitters,_no_conflicts
TP53		NC_000017.11:g.7674944C>T	0.0	Uncertain_significance	missense	criteria_provided,_multiple_submitters,_no_conflicts
TP53		NC_000017.11:g.7674946del	0.0	Likely_pathogenic	frameshift	criteria_provided,_single_submitter
TP53		NC_000017.11:g.7674947_7674964del	0.0	Pathogenic	other	criteria_provided,_single_submitter
TP53		NC_000017.11:g.7674945G>A	0.0	Pathogenic	other	criteria_provided,_multiple_submitters,_no_conflicts
TP53		NC_000017.11:g.7674945G>C	0.0	Conflicting_classifications_of_pathogenicity	missense	criteria_provided,_conflicting_classifications
TP53		NC_000017.11:g.7674949_7674953del	0.0	Pathogenic	frameshift	criteria_provided,_single_submitter
TP53		NC_000017.11:g.7674946G>C	0.0	Uncertain_significance	missense	criteria_provided,_multiple_submitters,_no_conflicts
TP53		NC_000017.11:g.7674946_7674947delinsAT	0.0	Uncertain_significance	missense	criteria_provided,_single_submitter
TP53		NC_000017.11:g.7674947_7674950del	0.0	Pathogenic	frameshift	criteria_provided,_single_submitter
TP53		NC_000017.11:g.7674947A>C	0.0	Conflicting_classifications_of_pathogenicity	missense	criteria_provided,_conflicting_classifications
TP53		NC_000017.11:g.7674947A>G	0.0	Pathogenic	missense	criteria_provided,_multiple_submitters,_no_conflicts
TP53		NC_000017.11:g.7674947A>T	0.0	Conflicting_classifications_of_pathogenicity	missense	criteria_provided,_conflicting_classifications
TP53		NC_000017.11:g.7674948T>A	0.0	Conflicting_classifications_of_pathogenicity	missense	criteria_provided,_conflicting_classifications
TP53		NC_000017.11:g.7674950del	0.0	Pathogenic	frameshift	no_assertion_criteria_provided
TP53		NC_000017.11:g.7674953_7674970del	0.0	Likely_pathogenic	other	criteria_provided,_single_submitter
TP53		NC_000017.11:g.7674950A>C	0.0	Conflicting_classifications_of_pathogenicity	missense	criteria_provided,_conflicting_classifications
TP53		NC_000017.11:g.7674950A>G	0.0	Uncertain_significance	missense	criteria_provided,_single_submitter
TP53		NC_000017.11:g.7674950A>T	0.0	Conflicting_classifications_of_pathogenicity	missense	criteria_provided,_conflicting_classifications
TP53		NC_000017.11:g.7674951G>A	0.0	Pathogenic/Likely_pathogenic	missense	criteria_provided,_multiple_submitters,_no_conflicts
TP53		NC_000017.11:g.7674951_7674953delinsTTTAGGTCTG	0.0	Likely_pathogenic	frameshift	criteria_provided,_single_submitter
TP53		NC_000017.11:g.7674952A>T	0.0	Conflicting_classifications_of_pathogenicity	missense	criteria_provided,_conflicting_classifications
TP53		NC_000017.11:g.7674953T>A	0.0	Conflicting_classifications_of_pathogenicity	missense	criteria_provided,_conflicting_classifications
TP53		NC_000017.11:g.7674953T>C	0.0	Pathogenic/Likely_pathogenic	missense	criteria_provided,_multiple_submitters,_no_conflicts
TP53		NC_000017.11:g.7674953T>G	0.0	Pathogenic	missense	reviewed_by_expert_panel
TP53		NC_000017.11:g.7674956_7674966del	0.0	Pathogenic	frameshift	criteria_provided,_single_submitter
TP53		NC_000017.11:g.7674954G>A	0.0	Pathogenic/Likely_pathogenic	missense	criteria_provided,_multiple_submitters,_no_conflicts
TP53		NC_000017.11:g.7674954G>C	0.0	Conflicting_classifications_of_pathogenicity	missense	criteria_provided,_conflicting_classifications
TP53		NC_000017.11:g.7674954G>T	0.0	Pathogenic/Likely_pathogenic	missense	criteria_provided,_multiple_submitters,_no_conflicts
TP53		NC_000017.11:g.7674955del	0.0	Pathogenic	frameshift	no_assertion_criteria_provided
TP53		NC_000017.11:g.7674955C>A	0.0	Uncertain_significance	missense	criteria_provided,_multiple_submitters,_no_conflicts
TP53		NC_000017.11:g.7674955C>G	0.0	Likely_benign	missense	criteria_provided,_single_submitter
TP53		NC_000017.11:g.7674956del	0.0	Pathogenic	frameshift	criteria_provided,_single_submitter
TP53		NC_000017.11:g.7674956T>C	0.0	Conflicting_classifications_of_pathogenicity	missense	criteria_provided,_conflicting_classifications
TP53		NC_000017.11:g.7674956T>G	0.0	Uncertain_significance	missense	criteria_provided,_single_submitter
TP53		NC_000017.11:g.7674956_7674957insCC	0.0	Pathogenic	frameshift	criteria_provided,_single_submitter
TP53		NC_000017.11:g.7674958AGG[1]	0.0	Conflicting_classifications_of_pathogenicity	other	criteria_provided,_conflicting_classifications
TP53		NC_000017.11:g.7674957G>A	0.0	Pathogenic	other	criteria_provided,_multiple_submitters,_no_conflicts
TP53		NC_000017.11:g.7674957G>C	0.0	Uncertain_significance	missense	criteria_provided,_multiple_submitters,_no_conflicts
TP53		NC_000017.11:g.7674958del	0.0	Pathogenic	frameshift	criteria_provided,_single_submitter
TP53		NC_000017.11:g.7674960_7674965del	0.0	Uncertain_significance	other	criteria_provided,_single_submitter
TP53		NC_000017.11:g.7674959G>A	0.0	Uncertain_significance	missense	criteria_provided,_single_submitter
TP53		NC_000017.11:g.7674959G>C	0.0	Likely_benign	missense	reviewed_by_expert_panel
TP53		NC_000017.11:g.7674959G>T	0.0	Uncertain_significance	missense	criteria_provided,_multiple_submitters,_no_conflicts
TP53		NC_000017.11:g.7674960G>A	0.0	Uncertain_significance	missense	criteria_provided,_single_submitter
TP53		NC_000017.11:g.7674965del	0.0	Pathogenic	frameshift	criteria_provided,_single_submitter
TP53		NC_000017.11:g.7674962G>A	0.0	Likely_pathogenic	missense	reviewed_by_expert_panel
TP53		NC_000017.11:g.7674962G>C	0.0	Conflicting_classifications_of_pathogenicity	missense	criteria_provided,_conflicting_classifications
TP53		NC_000017.11:g.7674963G>A	0.0	Uncertain_significance	missense	criteria_provided,_multiple_submitters,_no_conflicts
TP53		NC_000017.11:g.7674963G>C	0.0	Uncertain_significance	missense	criteria_provided,_single_submitter
TP53		NC_000017.11:g.7674963G>T	0.0	Uncertain_significance	missense	criteria_provided,_multiple_submitters,_no_conflicts
TP53		NC_000017.11:g.7674965_7674966del	0.0	Pathogenic	frameshift	criteria_provided,_single_submitter
TP53		NC_000017.11:g.7674965_7675432del	0.0	Pathogenic	splice_acceptor	criteria_provided,_single_submitter
TP53		NC_000017.11:g.7674965G>A	0.0	Conflicting_classifications_of_pathogenicity	missense	criteria_provided,_conflicting_classifications
TP53		NC_000017.11:g.7674965G>C	0.0	Uncertain_significance	missense	criteria_provided,_single_submitter
TP53		NC_000017.11:g.7674965G>T	0.0	Uncertain_significance	missense	criteria_provided,_single_submitter
TP53		NC_000017.11:g.7674967del	0.0	Pathogenic	frameshift	criteria_provided,_single_submitter
TP53		NC_000017.11:g.7674966C>A	0.0	Uncertain_significance	missense	criteria_provided,_multiple_submitters,_no_conflicts
TP53		NC_000017.11:g.7674968_7674971dup	0.0	Pathogenic	frameshift	criteria_provided,_single_submitter
TP53		NC_000017.11:g.7674966C>T	0.0	Uncertain_significance	missense	criteria_provided,_single_submitter
TP53		NC_000017.11:g.7674968del	0.0	Pathogenic	frameshift	criteria_provided,_multiple_submitters,_no_conflicts
TP53		NC_000017.11:g.7674969del	0.0	Pathogenic	frameshift	criteria_provided,_single_submitter
TP53		NC_000017.11:g.7674969G>C	0.0	Uncertain_significance	missense	criteria_provided,_single_submitter
TP53		NC_000017.11:g.7674972_7674994del	0.0	Likely_pathogenic	splice_acceptor	criteria_provided,_single_submitter
TP53		NC_000017.11:g.7674971C>A	0.0	Uncertain_significance	missense	criteria_provided,_single_submitter
TP53		NC_000017.11:g.7674971C>G	0.0	Uncertain_significance	missense	criteria_provided,_multiple_submitters,_no_conflicts
TP53		NC_000017.11:g.7674971C>T	0.0	Uncertain_significance	missense	criteria_provided,_multiple_submitters,_no_conflicts
TP53		NC_000017.11:g.7674973_7675000del	0.0	Likely_pathogenic	splice_acceptor	criteria_provided,_single_submitter
TP53		NC_000017.11:g.7674972C>A	0.0	Likely_pathogenic	splice_acceptor	criteria_provided,_single_submitter
TP53		NC_000017.11:g.7674972C>G	0.0	Pathogenic	splice_acceptor	criteria_provided,_multiple_submitters,_no_conflicts
TP53		NC_000017.11:g.7674972C>T	0.0	Pathogenic	splice_acceptor	criteria_provided,_multiple_submitters,_no_conflicts
TP53		NC_000017.11:g.7674973_7674975del	0.0	Likely_pathogenic	splice_acceptor	criteria_provided,_single_submitter
TP53		NC_000017.11:g.7674973T>C	0.0	Likely_pathogenic	splice_acceptor	criteria_provided,_single_submitter
TP53		NC_000017.11:g.7674973T>G	0.0	Pathogenic	splice_acceptor	criteria_provided,_multiple_submitters,_no_conflicts
TP53		NC_000017.11:g.7674976_7674981del	0.0	Uncertain_significance	intronic	criteria_provided,_single_submitter
TP53		NC_000017.11:g.7674974A>C	0.0	Uncertain_significance	intronic	criteria_provided,_single_submitter
TP53		NC_000017.11:g.7674974A>G	0.0	Conflicting_classifications_of_pathogenicity	intronic	criteria_provided,_conflicting_classifications
TP53		NC_000017.11:g.7674975A>G	0.0	Likely_benign	intronic	criteria_provided,_single_submitter
TP53		NC_000017.11:g.7674979_7674989del	0.0	Likely_pathogenic	intronic	criteria_provided,_single_submitter
TP53		NC_000017.11:g.7674977A>G	0.0	Likely_benign	intronic	criteria_provided,_single_submitter
TP53		NC_000017.11:g.7674978G>A	0.0	Likely_benign	intronic	criteria_provided,_single_submitter
TP53		NC_000017.11:g.7674981_7674984dup	0.0	Likely_benign	intronic	criteria_provided,_single_submitter
TP53		NC_000017.11:g.7674981_7674984del	0.0	Conflicting_classifications_of_pathogenicity	intronic	criteria_provided,_conflicting_classifications
TP53		NC_000017.11:g.7674979C>A	0.0	Likely_benign	intronic	criteria_provided,_single_submitter
TP53		NC_000017.11:g.7674979C>G	0.0	Benign/Likely_benign	intronic	criteria_provided,_multiple_submitters,_no_conflicts
TP53		NC_000017.11:g.7674981del	0.0	Likely_benign	intronic	criteria_provided,_multiple_submitters,_no_conflicts
TP53		NC_000017.11:g.7674986_7674996del	0.0	Pathogenic/Likely_pathogenic	intronic	criteria_provided,_multiple_submitters,_no_conflicts
TP53		NC_000017.11:g.7674980A>C	0.0	Benign/Likely_benign	intronic	criteria_provided,_multiple_submitters,_no_conflicts
TP53		NC_000017.11:g.7674980A>T	0.0	Conflicting_classifications_of_pathogenicity	intronic	criteria_provided,_conflicting_classifications
TP53		NC_000017.11:g.7674981A>G	0.0	Likely_benign	intronic	criteria_provided,_single_submitter
TP53		NC_000017.11:g.7674982T>C	0.0	Likely_benign	intronic	criteria_provided,_single_submitter
TP53		NC_000017.11:g.7674982T>G	0.0	Likely_benign	intronic	criteria_provided,_multiple_submitters,_no_conflicts
TP53		NC_000017.11:g.7674983C>A	0.0	Likely_benign	intronic	criteria_provided,_single_submitter
TP53		NC_000017.11:g.7674983C>T	0.0	Conflicting_classifications_of_pathogenicity	intronic	criteria_provided,_conflicting_classifications
TP53		NC_000017.11:g.7674984_7674985del	0.0	Uncertain_significance	intronic	criteria_provided,_multiple_submitters,_no_conflicts
TP53		NC_000017.11:g.7674984A>T	0.0	Uncertain_significance	intronic	criteria_provided,_single_submitter
TP53		NC_000017.11:g.7674985G>A	0.0	Likely_benign	intronic	criteria_provided,_single_submitter
TP53		NC_000017.11:g.7674985G>C	0.0	Uncertain_significance	intronic	criteria_provided,_single_submitter
TP53		NC_000017.11:g.7674985G>T	0.0	Likely_benign	intronic	criteria_provided,_multiple_submitters,_no_conflicts
TP53		NC_000017.11:g.7674986T>C	0.0	Likely_benign	intronic	criteria_provided,_single_submitter
TP53		NC_000017.11:g.7674986T>G	0.0	Likely_benign	intronic	criteria_provided,_multiple_submitters,_no_conflicts
TP53		NC_000017.11:g.7674988_7674998del	0.0	Uncertain_significance	intronic	criteria_provided,_single_submitter
TP53		NC_000017.11:g.7674987G>A	0.0	Likely_benign	intronic	criteria_provided,_multiple_submitters,_no_conflicts
TP53		NC_000017.11:g.7674988A>G	0.0	Likely_benign	intronic	criteria_provided,_single_submitter
TP53		NC_000017.11:g.7674989G>A	0.0	Likely_benign	intronic	criteria_provided,_multiple_submitters,_no_conflicts
TP53		NC_000017.11:g.7675016_7675039del	0.0	Uncertain_significance	intronic	criteria_provided,_single_submitter
TP53		NC_000017.11:g.7675025_7675041del	0.0	Uncertain_significance	intronic	criteria_provided,_single_submitter
TP53		NC_000017.11:g.7675020_7675040del	0.0	Uncertain_significance	intronic	criteria_provided,_single_submitter
TP53		NC_000017.11:g.7675018C>T	0.0	Uncertain_significance	intronic	no_assertion_criteria_provided
TP53		NC_000017.11:g.7675021G>T	0.0	Likely_benign	intronic	criteria_provided,_single_submitter
TP53		NC_000017.11:g.7675029G>A	0.0	Benign	intronic	criteria_provided,_single_submitter
TP53		NC_000017.11:g.7675033C>T	0.0	Likely_benign	intronic	criteria_provided,_multiple_submitters,_no_conflicts
TP53		NC_000017.11:g.7675034T>A	0.0	Likely_benign	intronic	criteria_provided,_single_submitter
TP53		NC_000017.11:g.7675036C>T	0.0	Likely_benign	intronic	criteria_provided,_single_submitter
TP53		NC_000017.11:g.7675039C>T	0.0	Likely_benign	intronic	criteria_provided,_single_submitter
TP53		NC_000017.11:g.7675040C>T	0.0	Likely_benign	intronic	criteria_provided,_multiple_submitters,_no_conflicts
TP53		NC_000017.11:g.7675041C>A	0.0	Likely_benign	intronic	criteria_provided,_single_submitter
TP53		NC_000017.11:g.7675041C>G	0.0	Likely_benign	intronic	criteria_provided,_single_submitter
TP53		NC_000017.11:g.7675042C>A	0.0	Uncertain_significance	intronic	no_assertion_criteria_provided
TP53		NC_000017.11:g.7675045_7675064dup	0.0	Uncertain_significance	splice_donor	criteria_provided,_single_submitter
TP53		NC_000017.11:g.7675043A>G	0.0	Likely_benign	intronic	criteria_provided,_single_submitter
TP53		NC_000017.11:g.7675044G>C	0.0	Likely_benign	intronic	criteria_provided,_multiple_submitters,_no_conflicts
TP53		NC_000017.11:g.7675045C>T	0.0	Conflicting_classifications_of_pathogenicity	intronic	criteria_provided,_conflicting_classifications
TP53		NC_000017.11:g.7675046T>C	0.0	Likely_benign	intronic	criteria_provided,_single_submitter
TP53		NC_000017.11:g.7675047_7675053del	0.0	Likely_pathogenic	splice_donor	criteria_provided,_single_submitter
TP53		NC_000017.11:g.7675047G>A	0.0	Uncertain_significance	intronic	criteria_provided,_multiple_submitters,_no_conflicts
TP53		NC_000017.11:g.7675047G>T	0.0	Likely_benign	intronic	criteria_provided,_single_submitter
TP53		NC_000017.11:g.7675048del	0.0	Uncertain_significance	intronic	no_assertion_criteria_provided
TP53		NC_000017.11:g.7675053_7675095del	0.0	Pathogenic	splice_donor	criteria_provided,_single_submitter
TP53		NC_000017.11:g.7675048C>G	0.0	Uncertain_significance	intronic	criteria_provided,_multiple_submitters,_no_conflicts
TP53		NC_000017.11:g.7675048C>T	0.0	Uncertain_significance	intronic	criteria_provided,_multiple_submitters,_no_conflicts
TP53		NC_000017.11:g.7675049del	0.0	Uncertain_significance	intronic	criteria_provided,_single_submitter
TP53		NC_000017.11:g.7675049T>C	0.0	Uncertain_significance	intronic	criteria_provided,_multiple_submitters,_no_conflicts
TP53		NC_000017.11:g.7675050C>T	0.0	Uncertain_significance	intronic	criteria_provided,_single_submitter
TP53		NC_000017.11:g.7675050_7675051delinsAC	0.0	Likely_pathogenic	splice_donor	criteria_provided,_single_submitter
TP53		NC_000017.11:g.7675051del	0.0	Likely_pathogenic	splice_donor	criteria_provided,_single_submitter
TP53		NC_000017.11:g.7675051A>T	0.0	Pathogenic	splice_donor	criteria_provided,_single_submitter
TP53		NC_000017.11:g.7675051_7675055delinsCCCC	0.0	Likely_pathogenic	splice_donor	criteria_provided,_single_submitter
TP53		NC_000017.11:g.7675053_7675072del	0.0	Likely_pathogenic	splice_donor	criteria_provided,_single_submitter
TP53		NC_000017.11:g.7675052C>A	0.0	Pathogenic/Likely_pathogenic	splice_donor	criteria_provided,_multiple_submitters,_no_conflicts
TP53		NC_000017.11:g.7675052C>T	0.0	Pathogenic/Likely_pathogenic	splice_donor	criteria_provided,_multiple_submitters,_no_conflicts
TP53		NC_000017.11:g.7675053C>G	0.0	Conflicting_classifications_of_pathogenicity	missense	criteria_provided,_conflicting_classifications
TP53		NC_000017.11:g.7675053C>T	0.0	Conflicting_classifications_of_pathogenicity	missense	criteria_provided,_conflicting_classifications
TP53		NC_000017.11:g.7675054A>T	0.0	Likely_benign	missense	criteria_provided,_multiple_submitters,_no_conflicts
TP53		NC_000017.11:g.7675056del	0.0	Pathogenic	frameshift	criteria_provided,_single_submitter
TP53		NC_000017.11:g.7675057dup	0.0	Uncertain_significance	frameshift	no_assertion_criteria_provided
TP53		NC_000017.11:g.7675056C>T	0.0	Likely_benign	missense	reviewed_by_expert_panel
TP53		NC_000017.11:g.7675057G>C	0.0	Likely_benign	missense	criteria_provided,_single_submitter
TP53		NC_000017.11:g.7675058dup	0.0	Uncertain_significance	frameshift	no_assertion_criteria_provided
TP53		NC_000017.11:g.7675058del	0.0	Uncertain_significance	frameshift	no_assertion_criteria_provided
TP53		NC_000017.11:g.7675060_7675063del	0.0	Pathogenic	frameshift	criteria_provided,_single_submitter
TP53		NC_000017.11:g.7675058C>T	0.0	Likely_benign	missense	reviewed_by_expert_panel
TP53		NC_000017.11:g.7675059_7675109del	0.0	Uncertain_significance	other	criteria_provided,_single_submitter
TP53		NC_000017.11:g.7675061del	0.0	Pathogenic	frameshift	no_assertion_criteria_provided
TP53		NC_000017.11:g.7675061T>C	0.0	Uncertain_significance	missense	criteria_provided,_single_submitter
TP53		NC_000017.11:g.7675062dup	0.0	Uncertain_significance	frameshift	no_assertion_criteria_provided
TP53		NC_000017.11:g.7675061_7675062insG	0.0	Uncertain_significance	frameshift	no_assertion_criteria_provided
TP53		NC_000017.11:g.7675062del	0.0	Uncertain_significance	frameshift	no_assertion_criteria_provided
TP53		NC_000017.11:g.7675062C>G	0.0	Uncertain_significance	missense	no_assertion_criteria_provided
TP53		NC_000017.11:g.7675063_7675077del	0.0	Pathogenic	other	criteria_provided,_single_submitter
TP53		NC_000017.11:g.7675063_7675064insA	0.0	Uncertain_significance	frameshift	no_assertion_criteria_provided
TP53		NC_000017.11:g.7675064dup	0.0	Uncertain_significance	frameshift	no_assertion_criteria_provided
TP53		NC_000017.11:g.7675064G>A	0.0	Conflicting_classifications_of_pathogenicity	missense	criteria_provided,_conflicting_classifications
TP53		NC_000017.11:g.7675064G>C	0.0	Pathogenic	other	criteria_provided,_multiple_submitters,_no_conflicts
TP53		NC_000017.11:g.7675065A>G	0.0	Likely_benign	missense	criteria_provided,_single_submitter
TP53		NC_000017.11:g.7675066del	0.0	Uncertain_significance	frameshift	no_assertion_criteria_provided
TP53		NC_000017.11:g.7675073_7675090del	0.0	Conflicting_classifications_of_pathogenicity	other	criteria_provided,_conflicting_classifications
TP53		NC_000017.11:g.7675066G>C	0.0	Uncertain_significance	missense	criteria_provided,_multiple_submitters,_no_conflicts
TP53		NC_000017.11:g.7675067_7675068insTCACC	0.0	Pathogenic	other	criteria_provided,_single_submitter
TP53		NC_000017.11:g.7675066G>T	0.0	Pathogenic	other	criteria_provided,_single_submitter
TP53		NC_000017.11:g.7675067del	0.0	Conflicting_classifications_of_pathogenicity	frameshift	no_assertion_criteria_provided
TP53		NC_000017.11:g.7675069_7675075del	0.0	Pathogenic	frameshift	criteria_provided,_single_submitter
TP53		NC_000017.11:g.7675068A>C	0.0	Uncertain_significance	missense	criteria_provided,_single_submitter
TP53		NC_000017.11:g.7675068A>G	0.0	Uncertain_significance	missense	criteria_provided,_single_submitter
TP53		NC_000017.11:g.7675068A>T	0.0	Uncertain_significance	missense	criteria_provided,_single_submitter
TP53		NC_000017.11:g.7675071_7675085del	0.0	Pathogenic	other	criteria_provided,_single_submitter
TP53		NC_000017.11:g.7675070C>A	0.0	Conflicting_classifications_of_pathogenicity	missense	criteria_provided,_conflicting_classifications
TP53		NC_000017.11:g.7675070C>G	0.0	Pathogenic/Likely_pathogenic	missense	criteria_provided,_multiple_submitters,_no_conflicts
TP53		NC_000017.11:g.7675070C>T	0.0	Pathogenic/Likely_pathogenic	missense	criteria_provided,_multiple_submitters,_no_conflicts
TP53		NC_000017.11:g.7675071G>A	0.0	Conflicting_classifications_of_pathogenicity	missense	criteria_provided,_conflicting_classifications
TP53		NC_000017.11:g.7675071G>T	0.0	Uncertain_significance	missense	reviewed_by_expert_panel
TP53		NC_000017.11:g.7675072del	0.0	Pathogenic	frameshift	criteria_provided,_single_submitter
TP53		NC_000017.11:g.7675072_7675079del	0.0	Pathogenic	frameshift	no_assertion_criteria_provided
TP53		NC_000017.11:g.7675072C>A	0.0	Uncertain_significance	missense	criteria_provided,_multiple_submitters,_no_conflicts
TP53		NC_000017.11:g.7675073dup	0.0	Uncertain_significance	frameshift	no_assertion_criteria_provided
TP53		NC_000017.11:g.7675072C>G	0.0	Uncertain_significance	missense	criteria_provided,_single_submitter
TP53		NC_000017.11:g.7675074C>A	0.0	Pathogenic	other	criteria_provided,_single_submitter
TP53		NC_000017.11:g.7675074C>T	0.0	Likely_pathogenic	missense	reviewed_by_expert_panel
TP53		NC_000017.11:g.7675075_7675077del	0.0	Uncertain_significance	other	criteria_provided,_multiple_submitters,_no_conflicts
TP53		NC_000017.11:g.7675075A>C	0.0	Pathogenic/Likely_pathogenic	missense	criteria_provided,_multiple_submitters,_no_conflicts
TP53		NC_000017.11:g.7675075A>T	0.0	Pathogenic	missense	reviewed_by_expert_panel
TP53		NC_000017.11:g.7675076TGG[1]	0.0	Uncertain_significance	other	no_assertion_criteria_provided
TP53		NC_000017.11:g.7675076T>A	0.0	Conflicting_classifications_of_pathogenicity	missense	criteria_provided,_conflicting_classifications
TP53		NC_000017.11:g.7675076T>C	0.0	Conflicting_classifications_of_pathogenicity	missense	criteria_provided,_conflicting_classifications
TP53		NC_000017.11:g.7675076T>G	0.0	Conflicting_classifications_of_pathogenicity	missense	criteria_provided,_conflicting_classifications
TP53		NC_000017.11:g.7675077_7675095dup	0.0	Pathogenic	frameshift	criteria_provided,_single_submitter
TP53		NC_000017.11:g.7675077G>A	0.0	Pathogenic/Likely_pathogenic	missense	criteria_provided,_multiple_submitters,_no_conflicts
TP53		NC_000017.11:g.7675077G>C	0.0	Pathogenic/Likely_pathogenic	missense	criteria_provided,_multiple_submitters,_no_conflicts
TP53		NC_000017.11:g.7675077G>T	0.0	Conflicting_classifications_of_pathogenicity	missense	criteria_provided,_conflicting_classifications
TP53		NC_000017.11:g.7675078G>C	0.0	Pathogenic/Likely_pathogenic	missense	criteria_provided,_multiple_submitters,_no_conflicts
TP53		NC_000017.11:g.7675078_7675079insGCATCGCTA	0.0	Uncertain_significance	other	criteria_provided,_single_submitter
TP53		NC_000017.11:g.7675079dup	0.0	Uncertain_significance	frameshift	no_assertion_criteria_provided
TP53		NC_000017.11:g.7675078G>T	0.0	Pathogenic/Likely_pathogenic	missense	criteria_provided,_multiple_submitters,_no_conflicts
TP53		NC_000017.11:g.7675079del	0.0	Pathogenic	frameshift	criteria_provided,_single_submitter
TP53		NC_000017.11:g.7675079T>C	0.0	Uncertain_significance	missense	criteria_provided,_multiple_submitters,_no_conflicts
TP53		NC_000017.11:g.7675079T>G	0.0	Conflicting_classifications_of_pathogenicity	missense	criteria_provided,_conflicting_classifications
TP53		NC_000017.11:g.7675084dup	0.0	Pathogenic	frameshift	criteria_provided,_multiple_submitters,_no_conflicts
TP53		NC_000017.11:g.7675082_7675084dup	0.0	Uncertain_significance	other	criteria_provided,_single_submitter
TP53		NC_000017.11:g.7675084del	0.0	Pathogenic	frameshift	criteria_provided,_multiple_submitters,_no_conflicts
TP53		NC_000017.11:g.7675080G>C	0.0	Pathogenic	missense	reviewed_by_expert_panel
TP53		NC_000017.11:g.7675080G>T	0.0	Uncertain_significance	missense	criteria_provided,_multiple_submitters,_no_conflicts
TP53		NC_000017.11:g.7675082G>A	0.0	Conflicting_classifications_of_pathogenicity	missense	criteria_provided,_conflicting_classifications
TP53		NC_000017.11:g.7675082G>C	0.0	Pathogenic/Likely_pathogenic	missense	criteria_provided,_multiple_submitters,_no_conflicts
TP53		NC_000017.11:g.7675082G>T	0.0	Uncertain_significance	missense	criteria_provided,_multiple_submitters,_no_conflicts
TP53		NC_000017.11:g.7675083G>A	0.0	Uncertain_significance	missense	criteria_provided,_multiple_submitters,_no_conflicts
TP53		NC_000017.11:g.7675083G>C	0.0	Uncertain_significance	missense	criteria_provided,_single_submitter
TP53		NC_000017.11:g.7675083G>T	0.0	Uncertain_significance	missense	criteria_provided,_multiple_submitters,_no_conflicts
TP53		NC_000017.11:g.7675086_7675088del	0.0	Uncertain_significance	other	criteria_provided,_single_submitter
TP53		NC_000017.11:g.7675084G>C	0.0	Conflicting_classifications_of_pathogenicity	missense	criteria_provided,_conflicting_classifications
TP53		NC_000017.11:g.7675084_7675085insA	0.0	Pathogenic	frameshift	criteria_provided,_single_submitter
TP53		NC_000017.11:g.7675084G>T	0.0	Pathogenic	other	criteria_provided,_multiple_submitters,_no_conflicts
TP53		NC_000017.11:g.7675084_7675086delinsCCG	0.0	Likely_pathogenic	missense	no_assertion_criteria_provided
TP53		NC_000017.11:g.7675085C>A	0.0	Pathogenic/Likely_pathogenic	missense	criteria_provided,_multiple_submitters,_no_conflicts
TP53		NC_000017.11:g.7675085C>T	0.0	Pathogenic	missense	criteria_provided,_multiple_submitters,_no_conflicts
TP53		NC_000017.11:g.7675086A>C	0.0	Conflicting_classifications_of_pathogenicity	missense	criteria_provided,_conflicting_classifications
TP53		NC_000017.11:g.7675086A>G	0.0	Conflicting_classifications_of_pathogenicity	missense	criteria_provided,_conflicting_classifications
TP53		NC_000017.11:g.7675086A>T	0.0	Conflicting_classifications_of_pathogenicity	missense	criteria_provided,_conflicting_classifications
TP53		NC_000017.11:g.7675088C>A	0.0	Likely_pathogenic	missense	reviewed_by_expert_panel
TP53		NC_000017.11:g.7675088C>T	0.0	Pathogenic	missense	reviewed_by_expert_panel
TP53		NC_000017.11:g.7675089G>A	0.0	Uncertain_significance	missense	reviewed_by_expert_panel
TP53		NC_000017.11:g.7675089G>C	0.0	Pathogenic	missense	reviewed_by_expert_panel
TP53		NC_000017.11:g.7675091dup	0.0	Uncertain_significance	frameshift	no_assertion_criteria_provided
TP53		NC_000017.11:g.7675091del	0.0	Uncertain_significance	frameshift	no_assertion_criteria_provided
TP53		NC_000017.11:g.7675090C>G	0.0	Uncertain_significance	missense	criteria_provided,_multiple_submitters,_no_conflicts
TP53		NC_000017.11:g.7675091C>T	0.0	Likely_benign	missense	criteria_provided,_single_submitter
TP53		NC_000017.11:g.7675095_7675106del	0.0	Pathogenic/Likely_pathogenic	other	criteria_provided,_multiple_submitters,_no_conflicts
TP53		NC_000017.11:g.7675092T>A	0.0	Uncertain_significance	missense	criteria_provided,_single_submitter
TP53		NC_000017.11:g.7675092T>C	0.0	Uncertain_significance	missense	criteria_provided,_single_submitter
TP53		NC_000017.11:g.7675094del	0.0	Pathogenic	frameshift	criteria_provided,_single_submitter
TP53		NC_000017.11:g.7675096_7675099dup	0.0	Likely_pathogenic	frameshift	criteria_provided,_single_submitter
TP53		NC_000017.11:g.7675094A>C	0.0	Conflicting_classifications_of_pathogenicity	missense	criteria_provided,_conflicting_classifications
TP53		NC_000017.11:g.7675094A>G	0.0	Pathogenic/Likely_pathogenic	missense	criteria_provided,_multiple_submitters,_no_conflicts
TP53		NC_000017.11:g.7675094A>T	0.0	Conflicting_classifications_of_pathogenicity	missense	criteria_provided,_conflicting_classifications
TP53		NC_000017.11:g.7675095C>A	0.0	Pathogenic/Likely_pathogenic	missense	criteria_provided,_multiple_submitters,_no_conflicts
TP53		NC_000017.11:g.7675095C>G	0.0	Conflicting_classifications_of_pathogenicity	missense	criteria_provided,_conflicting_classifications
TP53		NC_000017.11:g.7675095C>T	0.0	Pathogenic	missense	reviewed_by_expert_panel
TP53		NC_000017.11:g.7675097del	0.0	Pathogenic	frameshift	criteria_provided,_single_submitter
TP53		NC_000017.11:g.7675097_7675101dup	0.0	Pathogenic	frameshift	criteria_provided,_single_submitter
TP53		NC_000017.11:g.7675097A>C	0.0	Uncertain_significance	missense	criteria_provided,_single_submitter
TP53		NC_000017.11:g.7675097A>G	0.0	Uncertain_significance	missense	criteria_provided,_single_submitter
TP53		NC_000017.11:g.7675097A>T	0.0	Conflicting_classifications_of_pathogenicity	missense	criteria_provided,_conflicting_classifications
TP53		NC_000017.11:g.7675098C>A	0.0	Conflicting_classifications_of_pathogenicity	missense	criteria_provided,_conflicting_classifications
TP53		NC_000017.11:g.7675098C>T	0.0	Uncertain_significance	missense	criteria_provided,_multiple_submitters,_no_conflicts
TP53		NC_000017.11:g.7675099C>A	0.0	Pathogenic	missense	no_assertion_criteria_provided
TP53		NC_000017.11:g.7675102_7675105del	0.0	Pathogenic	frameshift	criteria_provided,_multiple_submitters,_no_conflicts
TP53		NC_000017.11:g.7675100T>C	0.0	Pathogenic	missense	criteria_provided,_single_submitter
TP53		NC_000017.11:g.7675100_7675101insG	0.0	Uncertain_significance	frameshift	no_assertion_criteria_provided
TP53		NC_000017.11:g.7675101C>A	0.0	Pathogenic	other	criteria_provided,_single_submitter
TP53		NC_000017.11:g.7675102_7675103dup	0.0	Pathogenic	frameshift	criteria_provided,_single_submitter
TP53		NC_000017.11:g.7675101C>T	0.0	Likely_benign	missense	reviewed_by_expert_panel
TP53		NC_000017.11:g.7675103_7675105del	0.0	Uncertain_significance	other	criteria_provided,_single_submitter
TP53		NC_000017.11:g.7675103G>A	0.0	Likely_benign	missense	reviewed_by_expert_panel
TP53		NC_000017.11:g.7675103G>C	0.0	Uncertain_significance	missense	criteria_provided,_multiple_submitters,_no_conflicts
TP53		NC_000017.11:g.7675104T>A	0.0	Uncertain_significance	missense	criteria_provided,_single_submitter
TP53		NC_000017.11:g.7675104T>C	0.0	Uncertain_significance	missense	criteria_provided,_multiple_submitters,_no_conflicts
TP53		NC_000017.11:g.7675105C>A	0.0	Uncertain_significance	missense	criteria_provided,_multiple_submitters,_no_conflicts
TP53		NC_000017.11:g.7675106A>C	0.0	Uncertain_significance	missense	criteria_provided,_single_submitter
TP53		NC_000017.11:g.7675107T>A	0.0	Uncertain_significance	missense	criteria_provided,_single_submitter
TP53		NC_000017.11:g.7675107T>C	0.0	Uncertain_significance	missense	criteria_provided,_multiple_submitters,_no_conflicts
TP53		NC_000017.11:g.7675108G>C	0.0	Uncertain_significance	missense	criteria_provided,_single_submitter
TP53		NC_000017.11:g.7675109dup	0.0	Uncertain_significance	frameshift	no_assertion_criteria_provided
TP53		NC_000017.11:g.7675113_7675121del	0.0	Uncertain_significance	other	criteria_provided,_multiple_submitters,_no_conflicts
TP53		NC_000017.11:g.7675111_7675135del	0.0	Pathogenic	frameshift	criteria_provided,_single_submitter
TP53		NC_000017.11:g.7675109T>A	0.0	Pathogenic	missense	criteria_provided,_single_submitter
TP53		NC_000017.11:g.7675109T>C	0.0	Conflicting_classifications_of_pathogenicity	missense	criteria_provided,_conflicting_classifications
TP53		NC_000017.11:g.7675109T>G	0.0	Likely_pathogenic	missense	criteria_provided,_single_submitter
TP53		NC_000017.11:g.7675110G>T	0.0	Uncertain_significance	missense	no_assertion_criteria_provided
TP53		NC_000017.11:g.7675111del	0.0	Pathogenic	frameshift	criteria_provided,_multiple_submitters,_no_conflicts
TP53		NC_000017.11:g.7675114_7675119del	0.0	Uncertain_significance	other	criteria_provided,_single_submitter
TP53		NC_000017.11:g.7675112TG[1]	0.0	Pathogenic	frameshift	criteria_provided,_multiple_submitters,_no_conflicts
TP53		NC_000017.11:g.7675112T>C	0.0	Uncertain_significance	missense	criteria_provided,_single_submitter
TP53		NC_000017.11:g.7675112T>G	0.0	Uncertain_significance	missense	criteria_provided,_multiple_submitters,_no_conflicts
TP53		NC_000017.11:g.7675113G>A	0.0	Pathogenic/Likely_pathogenic	other	criteria_provided,_multiple_submitters,_no_conflicts
TP53		NC_000017.11:g.7675116_7675119dup	0.0	Pathogenic	frameshift	criteria_provided,_single_submitter
TP53		NC_000017.11:g.7675113G>T	0.0	Uncertain_significance	missense	criteria_provided,_single_submitter
TP53		NC_000017.11:g.7675113_7675114delinsAA	0.0	Pathogenic	other	criteria_provided,_single_submitter
TP53		NC_000017.11:g.7675114del	0.0	Uncertain_significance	frameshift	no_assertion_criteria_provided
TP53		NC_000017.11:g.7675113_7675117delinsTAGGG	0.0	Uncertain_significance	missense	no_assertion_criteria_provided
TP53		NC_000017.11:g.7675115_7675131dup	0.0	Pathogenic	frameshift	criteria_provided,_single_submitter
TP53		NC_000017.11:g.7675115_7675117del	0.0	Uncertain_significance	other	criteria_provided,_single_submitter
TP53		NC_000017.11:g.7675116_7675136del	0.0	Uncertain_significance	other	criteria_provided,_single_submitter
TP53		NC_000017.11:g.7675115G>A	0.0	Uncertain_significance	missense	criteria_provided,_multiple_submitters,_no_conflicts
TP53		NC_000017.11:g.7675115G>C	0.0	Pathogenic	other	criteria_provided,_single_submitter
TP53		NC_000017.11:g.7675115_7675116insC	0.0	Uncertain_significance	frameshift	no_assertion_criteria_provided
TP53		NC_000017.11:g.7675115_7675116insGC	0.0	Uncertain_significance	frameshift	no_assertion_criteria_provided
TP53		NC_000017.11:g.7675115G>T	0.0	Pathogenic	other	criteria_provided,_single_submitter
TP53		NC_000017.11:g.7675116A>C	0.0	Uncertain_significance	missense	no_assertion_criteria_provided
TP53		NC_000017.11:g.7675116A>T	0.0	Likely_benign	missense	criteria_provided,_single_submitter
TP53		NC_000017.11:g.7675117_7675123del	0.0	Likely_pathogenic	frameshift	no_assertion_criteria_provided
TP53		NC_000017.11:g.7675118T>A	0.0	Pathogenic	missense	no_assertion_criteria_provided
TP53		NC_000017.11:g.7675121_7675131del	0.0	Pathogenic	frameshift	criteria_provided,_single_submitter
TP53		NC_000017.11:g.7675119G>A	0.0	Pathogenic	other	criteria_provided,_multiple_submitters,_no_conflicts
TP53		NC_000017.11:g.7675119G>C	0.0	Uncertain_significance	missense	criteria_provided,_single_submitter
TP53		NC_000017.11:g.7675119G>T	0.0	Conflicting_classifications_of_pathogenicity	missense	criteria_provided,_conflicting_classifications
TP53		NC_000017.11:g.7675119delinsTT	0.0	Uncertain_significance	frameshift	no_assertion_criteria_provided
TP53		NC_000017.11:g.7675119_7675120delinsAA	0.0	Uncertain_significance	other	no_assertion_criteria_provided
TP53		NC_000017.11:g.7675119_7675120delinsAG	0.0	Pathogenic	other	criteria_provided,_single_submitter
TP53		NC_000017.11:g.7675120C>A	0.0	Uncertain_significance	missense	criteria_provided,_single_submitter
TP53		NC_000017.11:g.7675120C>G	0.0	Uncertain_significance	missense	criteria_provided,_single_submitter
TP53		NC_000017.11:g.7675122del	0.0	Uncertain_significance	frameshift	no_assertion_criteria_provided
TP53		NC_000017.11:g.7675122T>A	0.0	Pathogenic	other	criteria_provided,_multiple_submitters,_no_conflicts
TP53		NC_000017.11:g.7675122T>C	0.0	Pathogenic	missense	reviewed_by_expert_panel
TP53		NC_000017.11:g.7675122T>G	0.0	Uncertain_significance	missense	no_assertion_criteria_provided
TP53		NC_000017.11:g.7675124_7675141del	0.0	Likely_pathogenic	other	criteria_provided,_single_submitter
TP53		NC_000017.11:g.7675123G>C	0.0	Pathogenic	other	criteria_provided,_multiple_submitters,_no_conflicts
TP53		NC_000017.11:g.7675125_7675128dup	0.0	Pathogenic	frameshift	criteria_provided,_single_submitter
TP53		NC_000017.11:g.7675123G>T	0.0	Pathogenic	other	criteria_provided,_multiple_submitters,_no_conflicts
TP53		NC_000017.11:g.7675123_7675126delinsACAAGCAGTCTACA	0.0	Pathogenic	frameshift	criteria_provided,_single_submitter
TP53		NC_000017.11:g.7675124T>C	0.0	Pathogenic	missense	reviewed_by_expert_panel
TP53		NC_000017.11:g.7675124T>G	0.0	Uncertain_significance	missense	criteria_provided,_single_submitter
TP53		NC_000017.11:g.7675125_7675130del	0.0	Likely_pathogenic	other	reviewed_by_expert_panel
TP53		NC_000017.11:g.7675127_7675129dup	0.0	Uncertain_significance	other	criteria_provided,_single_submitter
TP53		NC_000017.11:g.7675125A>C	0.0	Conflicting_classifications_of_pathogenicity	missense	criteria_provided,_conflicting_classifications
TP53		NC_000017.11:g.7675125A>G	0.0	Conflicting_classifications_of_pathogenicity	missense	criteria_provided,_conflicting_classifications
TP53		NC_000017.11:g.7675125A>T	0.0	Conflicting_classifications_of_pathogenicity	missense	criteria_provided,_conflicting_classifications
TP53		NC_000017.11:g.7675125_7675128delinsCC	0.0	Pathogenic	frameshift	criteria_provided,_single_submitter
TP53		NC_000017.11:g.7675127A>C	0.0	Conflicting_classifications_of_pathogenicity	missense	criteria_provided,_conflicting_classifications
TP53		NC_000017.11:g.7675127A>G	0.0	Uncertain_significance	missense	criteria_provided,_single_submitter
TP53		NC_000017.11:g.7675127A>T	0.0	Conflicting_classifications_of_pathogenicity	missense	criteria_provided,_conflicting_classifications
TP53		NC_000017.11:g.7675128T>A	0.0	Conflicting_classifications_of_pathogenicity	missense	criteria_provided,_conflicting_classifications
TP53		NC_000017.11:g.7675128T>C	0.0	Uncertain_significance	missense	criteria_provided,_single_submitter
TP53		NC_000017.11:g.7675128_7675129insC	0.0	Pathogenic	frameshift	criteria_provided,_single_submitter
TP53		NC_000017.11:g.7675129_7675130delinsTC	0.0	Uncertain_significance	missense	criteria_provided,_single_submitter
TP53		NC_000017.11:g.7675130G>A	0.0	Uncertain_significance	missense	criteria_provided,_multiple_submitters,_no_conflicts
TP53		NC_000017.11:g.7675131_7675137dup	0.0	Pathogenic	frameshift	no_assertion_criteria_provided
TP53		NC_000017.11:g.7675130G>T	0.0	Conflicting_classifications_of_pathogenicity	missense	criteria_provided,_conflicting_classifications
TP53		NC_000017.11:g.7675132del	0.0	Pathogenic	frameshift	criteria_provided,_single_submitter
TP53		NC_000017.11:g.7675131C>T	0.0	Pathogenic/Likely_pathogenic	missense	criteria_provided,_multiple_submitters,_no_conflicts
TP53		NC_000017.11:g.7675131_7675132delinsAA	0.0	Uncertain_significance	missense	criteria_provided,_single_submitter
TP53		NC_000017.11:g.7675132C>T	0.0	Likely_benign	missense	reviewed_by_expert_panel
TP53		NC_000017.11:g.7675133A>G	0.0	Uncertain_significance	missense	criteria_provided,_single_submitter
TP53		NC_000017.11:g.7675136_7675150del	0.0	Pathogenic	other	criteria_provided,_single_submitter
TP53		NC_000017.11:g.7675134T>C	0.0	Conflicting_classifications_of_pathogenicity	missense	criteria_provided,_conflicting_classifications
TP53		NC_000017.11:g.7675136_7675141dup	0.0	Uncertain_significance	other	criteria_provided,_multiple_submitters,_no_conflicts
TP53		NC_000017.11:g.7675136del	0.0	Pathogenic	frameshift	criteria_provided,_single_submitter
TP53		NC_000017.11:g.7675137_7675141del	0.0	Pathogenic	frameshift	criteria_provided,_single_submitter
TP53		NC_000017.11:g.7675136_7675141del	0.0	Pathogenic	utr	criteria_provided,_single_submitter
TP53		NC_000017.11:g.7675137CG[1]	0.0	Pathogenic	frameshift	criteria_provided,_single_submitter
TP53		NC_000017.11:g.7675139_7675146del	0.0	Likely_pathogenic	frameshift	no_assertion_criteria_provided
TP53		NC_000017.11:g.7675136G>A	0.0	Pathogenic/Likely_pathogenic	missense	criteria_provided,_multiple_submitters,_no_conflicts
TP53		NC_000017.11:g.7675142_7675147dup	0.0	Uncertain_significance	utr	criteria_provided,_single_submitter
TP53		NC_000017.11:g.7675137_7675205dup	0.0	Uncertain_significance	utr	criteria_provided,_single_submitter
TP53		NC_000017.11:g.7675136G>T	0.0	Pathogenic/Likely_pathogenic	missense	criteria_provided,_multiple_submitters,_no_conflicts
TP53		NC_000017.11:g.7675136_7675137delinsAA	0.0	Uncertain_significance	missense	criteria_provided,_single_submitter
TP53		NC_000017.11:g.7675142_7675147del	0.0	Likely_pathogenic	utr	criteria_provided,_single_submitter
TP53		NC_000017.11:g.7675137C>G	0.0	Conflicting_classifications_of_pathogenicity	missense	criteria_provided,_conflicting_classifications
TP53		NC_000017.11:g.7675137C>T	0.0	Conflicting_classifications_of_pathogenicity	missense	criteria_provided,_conflicting_classifications
TP53		NC_000017.11:g.7675138_7675141del	0.0	Pathogenic	frameshift	no_assertion_criteria_provided
TP53		NC_000017.11:g.7675139_7675147del	0.0	Pathogenic	utr	criteria_provided,_single_submitter
TP53		NC_000017.11:g.7675138_7675139delinsAA	0.0	Pathogenic/Likely_pathogenic	missense	criteria_provided,_multiple_submitters,_no_conflicts
TP53		NC_000017.11:g.7675138_7675140delinsAAT	0.0	Uncertain_significance	missense	criteria_provided,_single_submitter
TP53		NC_000017.11:g.7675139C>A	0.0	Pathogenic/Likely_pathogenic	missense	criteria_provided,_multiple_submitters,_no_conflicts
TP53		NC_000017.11:g.7675139C>G	0.0	Pathogenic/Likely_pathogenic	missense	criteria_provided,_multiple_submitters,_no_conflicts
TP53		NC_000017.11:g.7675139C>T	0.0	Pathogenic/Likely_pathogenic	missense	criteria_provided,_multiple_submitters,_no_conflicts
TP53		NC_000017.11:g.7675140G>A	0.0	Conflicting_classifications_of_pathogenicity	missense	criteria_provided,_conflicting_classifications
TP53		NC_000017.11:g.7675140G>C	0.0	Pathogenic	missense	criteria_provided,_multiple_submitters,_no_conflicts
TP53		NC_000017.11:g.7675140G>T	0.0	Pathogenic	missense	criteria_provided,_single_submitter
TP53		NC_000017.11:g.7675142_7675144del	0.0	Uncertain_significance	utr	criteria_provided,_single_submitter
TP53		NC_000017.11:g.7675141_7675142delinsAC	0.0	Likely_pathogenic	missense	criteria_provided,_single_submitter
TP53		NC_000017.11:g.7675142A>C	0.0	Pathogenic/Likely_pathogenic	missense	criteria_provided,_multiple_submitters,_no_conflicts
TP53		NC_000017.11:g.7675142A>G	0.0	Conflicting_classifications_of_pathogenicity	missense	criteria_provided,_conflicting_classifications
TP53		NC_000017.11:g.7675142A>T	0.0	Conflicting_classifications_of_pathogenicity	missense	criteria_provided,_conflicting_classifications
TP53		NC_000017.11:g.7675143C>A	0.0	Pathogenic/Likely_pathogenic	missense	criteria_provided,_multiple_submitters,_no_conflicts
TP53		NC_000017.11:g.7675143C>G	0.0	Uncertain_significance	missense	criteria_provided,_single_submitter
TP53		NC_000017.11:g.7675143C>T	0.0	Likely_benign	missense	reviewed_by_expert_panel
TP53		NC_000017.11:g.7675146_7675151del	0.0	Pathogenic	utr	criteria_provided,_single_submitter
TP53		NC_000017.11:g.7675145C>G	0.0	Pathogenic/Likely_pathogenic	missense	criteria_provided,_multiple_submitters,_no_conflicts
TP53		NC_000017.11:g.7675145C>T	0.0	Uncertain_significance	missense	reviewed_by_expert_panel
TP53		NC_000017.11:g.7675147_7675155del	0.0	Likely_pathogenic	utr	no_assertion_criteria_provided
TP53		NC_000017.11:g.7675151_7675163del	0.0	Pathogenic	frameshift	criteria_provided,_multiple_submitters,_no_conflicts
TP53		NC_000017.11:g.7675146G>A	0.0	Conflicting_classifications_of_pathogenicity	missense	criteria_provided,_conflicting_classifications
TP53		NC_000017.11:g.7675146G>C	0.0	Conflicting_classifications_of_pathogenicity	missense	criteria_provided,_conflicting_classifications
TP53		NC_000017.11:g.7675146G>T	0.0	Uncertain_significance	missense	criteria_provided,_single_submitter
TP53		NC_000017.11:g.7675148G>A	0.0	Conflicting_classifications_of_pathogenicity	missense	criteria_provided,_conflicting_classifications
TP53		NC_000017.11:g.7675148G>C	0.0	Conflicting_classifications_of_pathogenicity	missense	criteria_provided,_conflicting_classifications
TP53		NC_000017.11:g.7675149_7675151dup	0.0	Uncertain_significance	utr	criteria_provided,_single_submitter
TP53		NC_000017.11:g.7675148G>T	0.0	Pathogenic/Likely_pathogenic	missense	criteria_provided,_multiple_submitters,_no_conflicts
TP53		NC_000017.11:g.7675149del	0.0	Uncertain_significance	frameshift	no_assertion_criteria_provided
TP53		NC_000017.11:g.7675149_7675152del	0.0	Pathogenic	frameshift	no_assertion_criteria_provided
TP53		NC_000017.11:g.7675149T>C	0.0	Conflicting_classifications_of_pathogenicity	missense	criteria_provided,_conflicting_classifications
TP53		NC_000017.11:g.7675149T>G	0.0	Conflicting_classifications_of_pathogenicity	missense	criteria_provided,_conflicting_classifications
TP53		NC_000017.11:g.7675152_7675156dup	0.0	Pathogenic	frameshift	criteria_provided,_single_submitter
TP53		NC_000017.11:g.7675149_7675151delinsATG	0.0	Uncertain_significance	missense	no_assertion_criteria_provided
TP53		NC_000017.11:g.7675152dup	0.0	Pathogenic	frameshift	criteria_provided,_single_submitter
TP53		NC_000017.11:g.7675150_7675151delinsAT	0.0	Uncertain_significance	missense	no_assertion_criteria_provided
TP53		NC_000017.11:g.7675150_7675151delinsATG	0.0	Uncertain_significance	frameshift	no_assertion_criteria_provided
TP53		NC_000017.11:g.7675152del	0.0	Pathogenic	frameshift	criteria_provided,_single_submitter
TP53		NC_000017.11:g.7675150_7675152delinsAT	0.0	Uncertain_significance	frameshift	no_assertion_criteria_provided
TP53		NC_000017.11:g.7675151C>A	0.0	Conflicting_classifications_of_pathogenicity	missense	criteria_provided,_conflicting_classifications
TP53		NC_000017.11:g.7675151delinsAT	0.0	Uncertain_significance	frameshift	no_assertion_criteria_provided
TP53		NC_000017.11:g.7675152CGGG[3]	0.0	Pathogenic	frameshift	criteria_provided,_single_submitter
TP53		NC_000017.11:g.7675153_7675170dup	0.0	Likely_pathogenic	utr	no_assertion_criteria_provided
TP53		NC_000017.11:g.7675151C>G	0.0	Uncertain_significance	missense	criteria_provided,_single_submitter
TP53		NC_000017.11:g.7675151C>T	0.0	Uncertain_significance	missense	reviewed_by_expert_panel
TP53		NC_000017.11:g.7675152_7675164del	0.0	Pathogenic	frameshift	criteria_provided,_multiple_submitters,_no_conflicts
TP53		NC_000017.11:g.7675152C>A	0.0	Uncertain_significance	missense	criteria_provided,_single_submitter
TP53		NC_000017.11:g.7675152C>G	0.0	Uncertain_significance	missense	reviewed_by_expert_panel
TP53		NC_000017.11:g.7675152C>T	0.0	Uncertain_significance	missense	criteria_provided,_multiple_submitters,_no_conflicts
TP53		NC_000017.11:g.7675155del	0.0	Likely_pathogenic	frameshift	criteria_provided,_single_submitter
TP53		NC_000017.11:g.7675154_7675163del	0.0	not_provided	frameshift	no_classification_provided
TP53		NC_000017.11:g.7675155_7675166del	0.0	Pathogenic/Likely_pathogenic	utr	criteria_provided,_multiple_submitters,_no_conflicts
TP53		NC_000017.11:g.7675154_7675166del	0.0	Pathogenic	frameshift	criteria_provided,_single_submitter
TP53		NC_000017.11:g.7675154G>A	0.0	Uncertain_significance	missense	criteria_provided,_single_submitter
TP53		NC_000017.11:g.7675155_7675156insTCGGACCGCGTGGCGACATG	0.0	Uncertain_significance	frameshift	no_assertion_criteria_provided
TP53		NC_000017.11:g.7675155_7675176del	0.0	Pathogenic	frameshift	criteria_provided,_single_submitter
TP53		NC_000017.11:g.7675155G>A	0.0	Conflicting_classifications_of_pathogenicity	missense	criteria_provided,_conflicting_classifications
TP53		NC_000017.11:g.7675155G>C	0.0	Uncertain_significance	missense	no_assertion_criteria_provided
TP53		NC_000017.11:g.7675156dup	0.0	Pathogenic	frameshift	criteria_provided,_single_submitter
TP53		NC_000017.11:g.7675156del	0.0	Pathogenic	frameshift	criteria_provided,_single_submitter
TP53		NC_000017.11:g.7675157_7675177del	0.0	Likely_pathogenic	utr	criteria_provided,_single_submitter
TP53		NC_000017.11:g.7675156_7675157insA	0.0	Pathogenic	frameshift	criteria_provided,_single_submitter
TP53		NC_000017.11:g.7675161dup	0.0	Pathogenic	frameshift	criteria_provided,_multiple_submitters,_no_conflicts
TP53		NC_000017.11:g.7675161del	0.0	Pathogenic	frameshift	criteria_provided,_single_submitter
TP53		NC_000017.11:g.7675159_7675161del	0.0	Uncertain_significance	utr	criteria_provided,_multiple_submitters,_no_conflicts
TP53		NC_000017.11:g.7675159_7675166del	0.0	Pathogenic	frameshift	criteria_provided,_single_submitter
TP53		NC_000017.11:g.7675157G>A	0.0	Pathogenic	missense	reviewed_by_expert_panel
TP53		NC_000017.11:g.7675157G>C	0.0	Pathogenic/Likely_pathogenic	missense	criteria_provided,_multiple_submitters,_no_conflicts
TP53		NC_000017.11:g.7675157G>T	0.0	Uncertain_significance	missense	criteria_provided,_multiple_submitters,_no_conflicts
TP53		NC_000017.11:g.7675158G>A	0.0	Conflicting_classifications_of_pathogenicity	missense	criteria_provided,_conflicting_classifications
TP53		NC_000017.11:g.7675158G>T	0.0	Uncertain_significance	missense	no_assertion_criteria_provided
TP53		NC_000017.11:g.7675160G>C	0.0	Pathogenic/Likely_pathogenic	missense	criteria_provided,_multiple_submitters,_no_conflicts
TP53		NC_000017.11:g.7675160G>T	0.0	Uncertain_significance	missense	criteria_provided,_single_submitter
TP53		NC_000017.11:g.7675160_7675161delinsAA	0.0	Likely_pathogenic	missense	criteria_provided,_single_submitter
TP53		NC_000017.11:g.7675160_7675161delinsCT	0.0	Pathogenic	missense	criteria_provided,_single_submitter
TP53		NC_000017.11:g.7675160_7675162delinsA	0.0	Pathogenic	frameshift	no_assertion_criteria_provided
TP53		NC_000017.11:g.7675161G>A	0.0	Pathogenic/Likely_pathogenic	missense	criteria_provided,_multiple_submitters,_no_conflicts
TP53		NC_000017.11:g.7675161G>C	0.0	Pathogenic	missense	criteria_provided,_multiple_submitters,_no_conflicts
TP53		NC_000017.11:g.7675161G>T	0.0	Pathogenic/Likely_pathogenic	missense	criteria_provided,_multiple_submitters,_no_conflicts
TP53		NC_000017.11:g.7675163G>A	0.0	Conflicting_classifications_of_pathogenicity	missense	criteria_provided,_conflicting_classifications
TP53		NC_000017.11:g.7675166G>A	0.0	Uncertain_significance	missense	criteria_provided,_multiple_submitters,_no_conflicts
TP53		NC_000017.11:g.7675166G>C	0.0	Uncertain_significance	missense	criteria_provided,_single_submitter
TP53		NC_000017.11:g.7675168dup	0.0	Pathogenic	frameshift	criteria_provided,_single_submitter
TP53		NC_000017.11:g.7675166G>T	0.0	Uncertain_significance	missense	criteria_provided,_single_submitter
TP53		NC_000017.11:g.7675168del	0.0	Pathogenic	frameshift	criteria_provided,_multiple_submitters,_no_conflicts
TP53		NC_000017.11:g.7675167A>G	0.0	Uncertain_significance	missense	criteria_provided,_multiple_submitters,_no_conflicts
TP53		NC_000017.11:g.7675168_7675180del	0.0	Pathogenic	frameshift	criteria_provided,_single_submitter
TP53		NC_000017.11:g.7675168A>C	0.0	Uncertain_significance	missense	criteria_provided,_single_submitter
TP53		NC_000017.11:g.7675169T>A	0.0	Uncertain_significance	missense	no_assertion_criteria_provided
TP53		NC_000017.11:g.7675169T>G	0.0	Conflicting_classifications_of_pathogenicity	missense	criteria_provided,_conflicting_classifications
TP53		NC_000017.11:g.7675170C>A	0.0	Conflicting_classifications_of_pathogenicity	missense	criteria_provided,_conflicting_classifications
TP53		NC_000017.11:g.7675170_7675171insGAAG	0.0	Pathogenic	frameshift	criteria_provided,_single_submitter
TP53		NC_000017.11:g.7675170C>T	0.0	Uncertain_significance	missense	criteria_provided,_single_submitter
TP53		NC_000017.11:g.7675172A>C	0.0	Likely_pathogenic	missense	criteria_provided,_single_submitter
TP53		NC_000017.11:g.7675172A>G	0.0	Uncertain_significance	missense	criteria_provided,_multiple_submitters,_no_conflicts
TP53		NC_000017.11:g.7675172A>T	0.0	Conflicting_classifications_of_pathogenicity	missense	criteria_provided,_conflicting_classifications
TP53		NC_000017.11:g.7675175del	0.0	Pathogenic	frameshift	criteria_provided,_multiple_submitters,_no_conflicts
TP53		NC_000017.11:g.7675173C>T	0.0	Uncertain_significance	missense	criteria_provided,_single_submitter
TP53		NC_000017.11:g.7675174C>A	0.0	Uncertain_significance	missense	criteria_provided,_multiple_submitters,_no_conflicts
TP53		NC_000017.11:g.7675174C>G	0.0	Uncertain_significance	missense	criteria_provided,_single_submitter
TP53		NC_000017.11:g.7675174C>T	0.0	Pathogenic	utr	criteria_provided,_multiple_submitters,_no_conflicts
TP53		NC_000017.11:g.7675175CA[1]	0.0	Pathogenic	frameshift	criteria_provided,_single_submitter
TP53		NC_000017.11:g.7675175C>T	0.0	Pathogenic	utr	criteria_provided,_multiple_submitters,_no_conflicts
TP53		NC_000017.11:g.7675176A>C	0.0	Uncertain_significance	missense	reviewed_by_expert_panel
TP53		NC_000017.11:g.7675176_7675177delinsCTT	0.0	Uncertain_significance	frameshift	no_assertion_criteria_provided
TP53		NC_000017.11:g.7675178A>C	0.0	Uncertain_significance	missense	criteria_provided,_single_submitter
TP53		NC_000017.11:g.7675178A>G	0.0	Conflicting_classifications_of_pathogenicity	missense	criteria_provided,_conflicting_classifications
TP53		NC_000017.11:g.7675178A>T	0.0	Conflicting_classifications_of_pathogenicity	missense	criteria_provided,_conflicting_classifications
TP53		NC_000017.11:g.7675179del	0.0	Uncertain_significance	frameshift	no_assertion_criteria_provided
TP53		NC_000017.11:g.7675181_7675183del	0.0	Pathogenic	utr	criteria_provided,_single_submitter
TP53		NC_000017.11:g.7675179_7675190del	0.0	Likely_pathogenic	utr	criteria_provided,_single_submitter
TP53		NC_000017.11:g.7675179G>C	0.0	Uncertain_significance	missense	criteria_provided,_single_submitter
TP53		NC_000017.11:g.7675180del	0.0	Uncertain_significance	frameshift	no_assertion_criteria_provided
TP53		NC_000017.11:g.7675179_7675180delinsTG	0.0	Uncertain_significance	missense	no_assertion_criteria_provided
TP53		NC_000017.11:g.7675180_7675197del	0.0	Pathogenic	utr	criteria_provided,_single_submitter
TP53		NC_000017.11:g.7675180C>A	0.0	Uncertain_significance	missense	criteria_provided,_single_submitter
TP53		NC_000017.11:g.7675181del	0.0	Uncertain_significance	frameshift	no_assertion_criteria_provided
TP53		NC_000017.11:g.7675181_7675192del	0.0	Likely_pathogenic	utr	criteria_provided,_single_submitter
TP53		NC_000017.11:g.7675181T>A	0.0	Uncertain_significance	missense	reviewed_by_expert_panel
TP53		NC_000017.11:g.7675181T>C	0.0	Uncertain_significance	missense	criteria_provided,_multiple_submitters,_no_conflicts
TP53		NC_000017.11:g.7675181T>G	0.0	Conflicting_classifications_of_pathogenicity	missense	criteria_provided,_conflicting_classifications
TP53		NC_000017.11:g.7675182dup	0.0	Pathogenic	frameshift	criteria_provided,_single_submitter
TP53		NC_000017.11:g.7675182del	0.0	Pathogenic	frameshift	criteria_provided,_single_submitter
TP53		NC_000017.11:g.7675182_7675193del	0.0	Uncertain_significance	utr	criteria_provided,_single_submitter
TP53		NC_000017.11:g.7675182G>A	0.0	Pathogenic	utr	criteria_provided,_multiple_submitters,_no_conflicts
TP53		NC_000017.11:g.7675184dup	0.0	Uncertain_significance	frameshift	no_assertion_criteria_provided
TP53		NC_000017.11:g.7675184del	0.0	Uncertain_significance	frameshift	no_assertion_criteria_provided
TP53		NC_000017.11:g.7675184_7675185insG	0.0	Uncertain_significance	frameshift	no_assertion_criteria_provided
TP53		NC_000017.11:g.7675184A>C	0.0	Conflicting_classifications_of_pathogenicity	missense	criteria_provided,_conflicting_classifications
TP53		NC_000017.11:g.7675184A>G	0.0	Pathogenic	missense	reviewed_by_expert_panel
TP53		NC_000017.11:g.7675184A>T	0.0	Uncertain_significance	missense	no_assertion_criteria_provided
TP53		NC_000017.11:g.7675185del	0.0	Pathogenic	frameshift	criteria_provided,_single_submitter
TP53		NC_000017.11:g.7675184_7675186delinsTG	0.0	Pathogenic	frameshift	criteria_provided,_single_submitter
TP53		NC_000017.11:g.7675185_7675193del	0.0	Pathogenic	utr	criteria_provided,_single_submitter
TP53		NC_000017.11:g.7675186_7675195del	0.0	Pathogenic	frameshift	criteria_provided,_single_submitter
TP53		NC_000017.11:g.7675185C>A	0.0	Uncertain_significance	missense	criteria_provided,_multiple_submitters,_no_conflicts
TP53		NC_000017.11:g.7675185C>G	0.0	Uncertain_significance	missense	no_assertion_criteria_provided
TP53		NC_000017.11:g.7675185C>T	0.0	Pathogenic/Likely_pathogenic	missense	criteria_provided,_multiple_submitters,_no_conflicts
TP53		NC_000017.11:g.7675194_7675230del	0.0	Pathogenic	frameshift	criteria_provided,_multiple_submitters,_no_conflicts
TP53		NC_000017.11:g.7675189del	0.0	Pathogenic	frameshift	criteria_provided,_multiple_submitters,_no_conflicts
TP53		NC_000017.11:g.7675188_7675189del	0.0	Uncertain_significance	frameshift	no_assertion_criteria_provided
TP53		NC_000017.11:g.7675187G>A	0.0	Conflicting_classifications_of_pathogenicity	missense	criteria_provided,_conflicting_classifications
TP53		NC_000017.11:g.7675188G>A	0.0	Uncertain_significance	missense	criteria_provided,_multiple_submitters,_no_conflicts
TP53		NC_000017.11:g.7675188G>C	0.0	Uncertain_significance	missense	criteria_provided,_single_submitter
TP53		NC_000017.11:g.7675188G>T	0.0	Uncertain_significance	missense	criteria_provided,_single_submitter
TP53		NC_000017.11:g.7675189G>C	0.0	Pathogenic/Likely_pathogenic	missense	criteria_provided,_multiple_submitters,_no_conflicts
TP53		NC_000017.11:g.7675189_7675190insA	0.0	Uncertain_significance	frameshift	no_assertion_criteria_provided
TP53		NC_000017.11:g.7675190dup	0.0	Pathogenic	frameshift	criteria_provided,_multiple_submitters,_no_conflicts
TP53		NC_000017.11:g.7675190C>A	0.0	Conflicting_classifications_of_pathogenicity	missense	criteria_provided,_conflicting_classifications
TP53		NC_000017.11:g.7675191dup	0.0	Uncertain_significance	frameshift	no_assertion_criteria_provided
TP53		NC_000017.11:g.7675190C>T	0.0	Pathogenic/Likely_pathogenic	missense	criteria_provided,_multiple_submitters,_no_conflicts
TP53		NC_000017.11:g.7675191del	0.0	Uncertain_significance	frameshift	no_assertion_criteria_provided
TP53		NC_000017.11:g.7675192_7675196dup	0.0	Pathogenic	frameshift	criteria_provided,_multiple_submitters,_no_conflicts
TP53		NC_000017.11:g.7675191A>G	0.0	Conflicting_classifications_of_pathogenicity	missense	criteria_provided,_conflicting_classifications
TP53		NC_000017.11:g.7675193G>T	0.0	Conflicting_classifications_of_pathogenicity	missense	criteria_provided,_conflicting_classifications
TP53		NC_000017.11:g.7675194T>A	0.0	Uncertain_significance	missense	criteria_provided,_multiple_submitters,_no_conflicts
TP53		NC_000017.11:g.7675194T>C	0.0	Uncertain_significance	missense	criteria_provided,_single_submitter
TP53		NC_000017.11:g.7675194_7675195insA	0.0	Uncertain_significance	frameshift	no_assertion_criteria_provided
TP53		NC_000017.11:g.7675196_7675201dup	0.0	Uncertain_significance	utr	criteria_provided,_single_submitter
TP53		NC_000017.11:g.7675195_7675203del	0.0	Pathogenic/Likely_pathogenic	utr	criteria_provided,_multiple_submitters,_no_conflicts
TP53		NC_000017.11:g.7675195C>A	0.0	Uncertain_significance	missense	criteria_provided,_multiple_submitters,_no_conflicts
TP53		NC_000017.11:g.7675197del	0.0	Pathogenic	frameshift	criteria_provided,_single_submitter
TP53		NC_000017.11:g.7675196_7675232del	0.0	Pathogenic	frameshift	criteria_provided,_single_submitter
TP53		NC_000017.11:g.7675196T>C	0.0	Uncertain_significance	missense	criteria_provided,_single_submitter
TP53		NC_000017.11:g.7675196T>G	0.0	Uncertain_significance	missense	criteria_provided,_multiple_submitters,_no_conflicts
TP53		NC_000017.11:g.7675196_7675197delinsC	0.0	Uncertain_significance	frameshift	no_assertion_criteria_provided
TP53		NC_000017.11:g.7675197T>A	0.0	Pathogenic	utr	no_assertion_criteria_provided
TP53		NC_000017.11:g.7675197T>C	0.0	Uncertain_significance	missense	criteria_provided,_multiple_submitters,_no_conflicts
TP53		NC_000017.11:g.7675197T>G	0.0	Uncertain_significance	missense	criteria_provided,_multiple_submitters,_no_conflicts
TP53		NC_000017.11:g.7675199del	0.0	not_provided	frameshift	no_classification_provided
TP53		NC_000017.11:g.7675198_7675199insC	0.0	Uncertain_significance	frameshift	no_assertion_criteria_provided
TP53		NC_000017.11:g.7675199G>A	0.0	Likely_pathogenic	missense	reviewed_by_expert_panel
TP53		NC_000017.11:g.7675199G>C	0.0	Uncertain_significance	missense	criteria_provided,_single_submitter
TP53		NC_000017.11:g.7675199delinsCA	0.0	Uncertain_significance	frameshift	no_assertion_criteria_provided
TP53		NC_000017.11:g.7675199G>T	0.0	Uncertain_significance	missense	reviewed_by_expert_panel
TP53		NC_000017.11:g.7675200C>G	0.0	Likely_pathogenic	missense	reviewed_by_expert_panel
TP53		NC_000017.11:g.7675200C>T	0.0	Uncertain_significance	missense	reviewed_by_expert_panel
TP53		NC_000017.11:g.7675203dup	0.0	Uncertain_significance	frameshift	no_assertion_criteria_provided
TP53		NC_000017.11:g.7675202A>T	0.0	Uncertain_significance	missense	criteria_provided,_single_submitter
TP53		NC_000017.11:g.7675203del	0.0	Pathogenic	frameshift	criteria_provided,_single_submitter
TP53		NC_000017.11:g.7675202_7675203delinsTC	0.0	Uncertain_significance	missense	criteria_provided,_single_submitter
TP53		NC_000017.11:g.7675207_7675222del	0.0	Pathogenic	frameshift	criteria_provided,_single_submitter
TP53		NC_000017.11:g.7675203G>C	0.0	Uncertain_significance	missense	criteria_provided,_single_submitter
TP53		NC_000017.11:g.7675204T>A	0.0	Uncertain_significance	missense	criteria_provided,_multiple_submitters,_no_conflicts
TP53		NC_000017.11:g.7675204T>G	0.0	Uncertain_significance	missense	criteria_provided,_multiple_submitters,_no_conflicts
TP53		NC_000017.11:g.7675205T>A	0.0	Uncertain_significance	missense	criteria_provided,_single_submitter
TP53		NC_000017.11:g.7675205T>G	0.0	Uncertain_significance	missense	criteria_provided,_single_submitter
TP53		NC_000017.11:g.7675206G>A	0.0	Pathogenic	utr	criteria_provided,_multiple_submitters,_no_conflicts
TP53		NC_000017.11:g.7675206G>C	0.0	Conflicting_classifications_of_pathogenicity	missense	criteria_provided,_conflicting_classifications
TP53		NC_000017.11:g.7675207G>C	0.0	Conflicting_classifications_of_pathogenicity	missense	criteria_provided,_conflicting_classifications
TP53		NC_000017.11:g.7675207G>T	0.0	Pathogenic	utr	criteria_provided,_single_submitter
TP53		NC_000017.11:g.7675207_7675209delinsCC	0.0	Pathogenic	frameshift	criteria_provided,_single_submitter
TP53		NC_000017.11:g.7675208C>A	0.0	Pathogenic/Likely_pathogenic	missense	criteria_provided,_multiple_submitters,_no_conflicts
TP53		NC_000017.11:g.7675208C>G	0.0	Likely_pathogenic	missense	criteria_provided,_single_submitter
TP53		NC_000017.11:g.7675208C>T	0.0	Conflicting_classifications_of_pathogenicity	missense	criteria_provided,_conflicting_classifications
TP53		NC_000017.11:g.7675212del	0.0	Pathogenic	frameshift	criteria_provided,_multiple_submitters,_no_conflicts
TP53		NC_000017.11:g.7675209A>C	0.0	Pathogenic	missense	reviewed_by_expert_panel
TP53		NC_000017.11:g.7675209A>G	0.0	Pathogenic/Likely_pathogenic	missense	criteria_provided,_multiple_submitters,_no_conflicts
TP53		NC_000017.11:g.7675209A>T	0.0	Conflicting_classifications_of_pathogenicity	missense	criteria_provided,_conflicting_classifications
TP53		NC_000017.11:g.7675210A>C	0.0	Uncertain_significance	missense	criteria_provided,_single_submitter
TP53		NC_000017.11:g.7675210A>T	0.0	Conflicting_classifications_of_pathogenicity	missense	criteria_provided,_conflicting_classifications
TP53		NC_000017.11:g.7675210_7675211delinsCAG	0.0	Uncertain_significance	frameshift	no_assertion_criteria_provided
TP53		NC_000017.11:g.7675211_7675212insC	0.0	Likely_pathogenic	frameshift	no_assertion_criteria_provided
TP53		NC_000017.11:g.7675211A>C	0.0	Likely_pathogenic	missense	criteria_provided,_multiple_submitters,_no_conflicts
TP53		NC_000017.11:g.7675211A>G	0.0	Uncertain_significance	missense	criteria_provided,_single_submitter
TP53		NC_000017.11:g.7675211A>T	0.0	Uncertain_significance	missense	criteria_provided,_single_submitter
TP53		NC_000017.11:g.7675212A>C	0.0	Conflicting_classifications_of_pathogenicity	missense	criteria_provided,_conflicting_classifications
TP53		NC_000017.11:g.7675212A>G	0.0	Uncertain_significance	missense	criteria_provided,_single_submitter
TP53		NC_000017.11:g.7675212A>T	0.0	Pathogenic/Likely_pathogenic	missense	criteria_provided,_multiple_submitters,_no_conflicts
TP53		NC_000017.11:g.7675214dup	0.0	Pathogenic	frameshift	criteria_provided,_single_submitter
TP53		NC_000017.11:g.7675214_7675220dup	0.0	Likely_pathogenic	frameshift	criteria_provided,_single_submitter
TP53		NC_000017.11:g.7675213C>T	0.0	Conflicting_classifications_of_pathogenicity	missense	criteria_provided,_conflicting_classifications
TP53		NC_000017.11:g.7675214A>C	0.0	Uncertain_significance	missense	no_assertion_criteria_provided
TP53		NC_000017.11:g.7675214A>G	0.0	Pathogenic	missense	criteria_provided,_multiple_submitters,_no_conflicts
TP53		NC_000017.11:g.7675214A>T	0.0	Uncertain_significance	missense	criteria_provided,_single_submitter
TP53		NC_000017.11:g.7675215T>C	0.0	Uncertain_significance	missense	criteria_provided,_single_submitter
TP53		NC_000017.11:g.7675215_7675216insA	0.0	Uncertain_significance	frameshift	no_assertion_criteria_provided
TP53		NC_000017.11:g.7675216_7675224dup	0.0	Uncertain_significance	utr	criteria_provided,_single_submitter
TP53		NC_000017.11:g.7675216C>A	0.0	Pathogenic/Likely_pathogenic	missense	criteria_provided,_multiple_submitters,_no_conflicts
TP53		NC_000017.11:g.7675216C>G	0.0	Likely_pathogenic	missense	reviewed_by_expert_panel
TP53		NC_000017.11:g.7675218del	0.0	Uncertain_significance	frameshift	no_assertion_criteria_provided
TP53		NC_000017.11:g.7675217TTG[1]	0.0	Conflicting_classifications_of_pathogenicity	utr	criteria_provided,_conflicting_classifications
TP53		NC_000017.11:g.7675217T>A	0.0	Conflicting_classifications_of_pathogenicity	missense	criteria_provided,_conflicting_classifications
TP53		NC_000017.11:g.7675217T>C	0.0	Pathogenic/Likely_pathogenic	missense	criteria_provided,_multiple_submitters,_no_conflicts
TP53		NC_000017.11:g.7675217T>G	0.0	Conflicting_classifications_of_pathogenicity	missense	criteria_provided,_conflicting_classifications
TP53		NC_000017.11:g.7675218T>A	0.0	Pathogenic	utr	criteria_provided,_single_submitter
TP53		NC_000017.11:g.7675218T>C	0.0	Conflicting_classifications_of_pathogenicity	missense	criteria_provided,_conflicting_classifications
TP53		NC_000017.11:g.7675218T>G	0.0	Conflicting_classifications_of_pathogenicity	missense	criteria_provided,_conflicting_classifications
TP53		NC_000017.11:g.7675219del	0.0	Conflicting_classifications_of_pathogenicity	frameshift	no_assertion_criteria_provided
TP53		NC_000017.11:g.7675220_7675226del	0.0	Pathogenic	frameshift	criteria_provided,_single_submitter
TP53		NC_000017.11:g.7675218_7675306delinsC	0.0	Pathogenic	splice_acceptor	criteria_provided,_single_submitter
TP53		NC_000017.11:g.7675219G>T	0.0	Uncertain_significance	missense	reviewed_by_expert_panel
TP53		NC_000017.11:g.7675221del	0.0	Uncertain_significance	frameshift	no_assertion_criteria_provided
TP53		NC_000017.11:g.7675220T>A	0.0	Pathogenic/Likely_pathogenic	missense	criteria_provided,_multiple_submitters,_no_conflicts
TP53		NC_000017.11:g.7675220T>C	0.0	Uncertain_significance	missense	criteria_provided,_multiple_submitters,_no_conflicts
TP53		NC_000017.11:g.7675221T>A	0.0	Pathogenic	missense	criteria_provided,_single_submitter
TP53		NC_000017.11:g.7675222del	0.0	Pathogenic	frameshift	criteria_provided,_single_submitter
TP53		NC_000017.11:g.7675222_7675224delinsATC	0.0	Uncertain_significance	missense	no_assertion_criteria_provided
TP53		NC_000017.11:g.7675226dup	0.0	Uncertain_significance	frameshift	no_assertion_criteria_provided
TP53		NC_000017.11:g.7675227_7675232dup	0.0	Uncertain_significance	utr	criteria_provided,_single_submitter
TP53		NC_000017.11:g.7675223A>G	0.0	Pathogenic	missense	criteria_provided,_multiple_submitters,_no_conflicts
TP53		NC_000017.11:g.7675223A>T	0.0	Pathogenic	missense	criteria_provided,_single_submitter
TP53		NC_000017.11:g.7675226del	0.0	Pathogenic	frameshift	criteria_provided,_multiple_submitters,_no_conflicts
TP53		NC_000017.11:g.7675224G>A	0.0	Conflicting_classifications_of_pathogenicity	missense	criteria_provided,_conflicting_classifications
TP53		NC_000017.11:g.7675224G>C	0.0	Conflicting_classifications_of_pathogenicity	missense	criteria_provided,_conflicting_classifications
TP53		NC_000017.11:g.7675225_7675226insT	0.0	Uncertain_significance	frameshift	no_assertion_criteria_provided
TP53		NC_000017.11:g.7675226G>A	0.0	not_provided	missense	no_classification_provided
TP53		NC_000017.11:g.7675226G>C	0.0	Uncertain_significance	missense	criteria_provided,_single_submitter
TP53		NC_000017.11:g.7675226G>T	0.0	Benign	missense	criteria_provided,_single_submitter
TP53		NC_000017.11:g.7675227C>A	0.0	Conflicting_classifications_of_pathogenicity	missense	criteria_provided,_conflicting_classifications
TP53		NC_000017.11:g.7675230_7675234dup	0.0	Pathogenic	frameshift	criteria_provided,_single_submitter
TP53		NC_000017.11:g.7675227C>T	0.0	Conflicting_classifications_of_pathogenicity	missense	criteria_provided,_conflicting_classifications
TP53		NC_000017.11:g.7675232dup	0.0	Uncertain_significance	frameshift	no_assertion_criteria_provided
TP53		NC_000017.11:g.7675232del	0.0	Pathogenic	frameshift	criteria_provided,_multiple_submitters,_no_conflicts
TP53		NC_000017.11:g.7675231_7675232del	0.0	Pathogenic	frameshift	criteria_provided,_single_submitter
TP53		NC_000017.11:g.7675229G>A	0.0	Uncertain_significance	missense	criteria_provided,_multiple_submitters,_no_conflicts
TP53		NC_000017.11:g.7675229G>C	0.0	Conflicting_classifications_of_pathogenicity	missense	criteria_provided,_conflicting_classifications
TP53		NC_000017.11:g.7675232_7675243del	0.0	Pathogenic	splice_acceptor	criteria_provided,_single_submitter
TP53		NC_000017.11:g.7675230G>A	0.0	Uncertain_significance	missense	no_assertion_criteria_provided
TP53		NC_000017.11:g.7675230G>T	0.0	Conflicting_classifications_of_pathogenicity	missense	criteria_provided,_conflicting_classifications
TP53		NC_000017.11:g.7675231_7675232delinsA	0.0	Pathogenic	frameshift	criteria_provided,_single_submitter
TP53		NC_000017.11:g.7675231_7675237delinsA	0.0	Likely_pathogenic	splice_acceptor	criteria_provided,_single_submitter
TP53		NC_000017.11:g.7675232G>A	0.0	Pathogenic/Likely_pathogenic	missense	criteria_provided,_multiple_submitters,_no_conflicts
TP53		NC_000017.11:g.7675232G>C	0.0	Pathogenic	missense	criteria_provided,_single_submitter
TP53		NC_000017.11:g.7675233dup	0.0	Uncertain_significance	frameshift	no_assertion_criteria_provided
TP53		NC_000017.11:g.7675232G>T	0.0	Pathogenic	missense	reviewed_by_expert_panel
TP53		NC_000017.11:g.7675233A>G	0.0	Pathogenic/Likely_pathogenic	missense	criteria_provided,_multiple_submitters,_no_conflicts
TP53		NC_000017.11:g.7675233A>T	0.0	Conflicting_classifications_of_pathogenicity	missense	criteria_provided,_conflicting_classifications
TP53		NC_000017.11:g.7675234G>C	0.0	Pathogenic/Likely_pathogenic	utr	criteria_provided,_multiple_submitters,_no_conflicts
TP53		NC_000017.11:g.7675235dup	0.0	Uncertain_significance	utr	no_assertion_criteria_provided
TP53		NC_000017.11:g.7675235_7675238dup	0.0	Likely_pathogenic	splice_acceptor	criteria_provided,_single_submitter
TP53		NC_000017.11:g.7675234G>T	0.0	Pathogenic	utr	criteria_provided,_multiple_submitters,_no_conflicts
TP53		NC_000017.11:g.7675235_7675247del	0.0	Likely_pathogenic	splice_acceptor	criteria_provided,_single_submitter
TP53		NC_000017.11:g.7675235T>C	0.0	Conflicting_classifications_of_pathogenicity	missense	criteria_provided,_conflicting_classifications
TP53		NC_000017.11:g.7675235T>G	0.0	Uncertain_significance	missense	criteria_provided,_single_submitter
TP53		NC_000017.11:g.7675235_7675236delinsAG	0.0	Uncertain_significance	missense	no_assertion_criteria_provided
TP53		NC_000017.11:g.7675236del	0.0	Pathogenic	frameshift	no_assertion_criteria_provided
TP53		NC_000017.11:g.7675236_7675242del	0.0	Likely_pathogenic	splice_acceptor	criteria_provided,_single_submitter
TP53		NC_000017.11:g.7675236A>C	0.0	Conflicting_classifications_of_pathogenicity	missense	criteria_provided,_conflicting_classifications
TP53		NC_000017.11:g.7675236delinsCC	0.0	Uncertain_significance	frameshift	no_assertion_criteria_provided
TP53		NC_000017.11:g.7675236delinsCT	0.0	Uncertain_significance	frameshift	no_assertion_criteria_provided
TP53		NC_000017.11:g.7675236A>G	0.0	Conflicting_classifications_of_pathogenicity	missense	criteria_provided,_conflicting_classifications
TP53		NC_000017.11:g.7675236A>T	0.0	Conflicting_classifications_of_pathogenicity	missense	criteria_provided,_conflicting_classifications
TP53		NC_000017.11:g.7675237C>A	0.0	Pathogenic	splice_acceptor	criteria_provided,_multiple_submitters,_no_conflicts
TP53		NC_000017.11:g.7675238dup	0.0	Conflicting_classifications_of_pathogenicity	splice_acceptor	criteria_provided,_conflicting_classifications
TP53		NC_000017.11:g.7675237C>T	0.0	Pathogenic/Likely_pathogenic	splice_acceptor	criteria_provided,_multiple_submitters,_no_conflicts
TP53		NC_000017.11:g.7675238del	0.0	Uncertain_significance	splice_acceptor	no_assertion_criteria_provided
TP53		NC_000017.11:g.7675238T>A	0.0	Pathogenic/Likely_pathogenic	splice_acceptor	criteria_provided,_multiple_submitters,_no_conflicts
TP53		NC_000017.11:g.7675238T>C	0.0	Pathogenic/Likely_pathogenic	splice_acceptor	criteria_provided,_multiple_submitters,_no_conflicts
TP53		NC_000017.11:g.7675238T>G	0.0	Uncertain_significance	splice_acceptor	no_assertion_criteria_provided
TP53		NC_000017.11:g.7675239del	0.0	Uncertain_significance	intronic	no_assertion_criteria_provided
TP53		NC_000017.11:g.7675239G>A	0.0	Uncertain_significance	intronic	criteria_provided,_single_submitter
TP53		NC_000017.11:g.7675239G>C	0.0	Uncertain_significance	intronic	criteria_provided,_multiple_submitters,_no_conflicts
TP53		NC_000017.11:g.7675239delinsCT	0.0	Uncertain_significance	intronic	no_assertion_criteria_provided
TP53		NC_000017.11:g.7675239_7675240delinsTA	0.0	Uncertain_significance	intronic	no_assertion_criteria_provided
TP53		NC_000017.11:g.7675240T>A	0.0	Conflicting_classifications_of_pathogenicity	intronic	criteria_provided,_conflicting_classifications
TP53		NC_000017.11:g.7675240T>G	0.0	Uncertain_significance	intronic	no_assertion_criteria_provided
TP53		NC_000017.11:g.7675241_7675242insC	0.0	Uncertain_significance	intronic	no_assertion_criteria_provided
TP53		NC_000017.11:g.7675241A>C	0.0	Conflicting_classifications_of_pathogenicity	intronic	criteria_provided,_conflicting_classifications
TP53		NC_000017.11:g.7675243del	0.0	Uncertain_significance	intronic	no_assertion_criteria_provided
TP53		NC_000017.11:g.7675242G>C	0.0	Uncertain_significance	intronic	no_assertion_criteria_provided
TP53		NC_000017.11:g.7675245_7675288del	0.0	Uncertain_significance	intronic	criteria_provided,_single_submitter
TP53		NC_000017.11:g.7675243G>A	0.0	Likely_benign	intronic	criteria_provided,_multiple_submitters,_no_conflicts
TP53		NC_000017.11:g.7675245dup	0.0	Uncertain_significance	intronic	no_assertion_criteria_provided
TP53		NC_000017.11:g.7675243G>T	0.0	Likely_benign	intronic	criteria_provided,_single_submitter
TP53		NC_000017.11:g.7675245del	0.0	Likely_benign	intronic	criteria_provided,_single_submitter
TP53		NC_000017.11:g.7675244A>C	0.0	Likely_benign	intronic	criteria_provided,_single_submitter
TP53		NC_000017.11:g.7675244A>G	0.0	Likely_benign	intronic	criteria_provided,_multiple_submitters,_no_conflicts
TP53		NC_000017.11:g.7675245A>G	0.0	Uncertain_significance	intronic	no_assertion_criteria_provided
TP53		NC_000017.11:g.7675245A>T	0.0	Conflicting_classifications_of_pathogenicity	intronic	criteria_provided,_conflicting_classifications
TP53		NC_000017.11:g.7675246G>A	0.0	Likely_benign	intronic	criteria_provided,_multiple_submitters,_no_conflicts
TP53		NC_000017.11:g.7675247del	0.0	Uncertain_significance	intronic	no_assertion_criteria_provided
TP53		NC_000017.11:g.7675249dup	0.0	Uncertain_significance	intronic	no_assertion_criteria_provided
TP53		NC_000017.11:g.7675247A>C	0.0	Likely_benign	intronic	criteria_provided,_single_submitter
TP53		NC_000017.11:g.7675247A>G	0.0	Benign/Likely_benign	intronic	criteria_provided,_multiple_submitters,_no_conflicts
TP53		NC_000017.11:g.7675249del	0.0	Uncertain_significance	intronic	no_assertion_criteria_provided
TP53		NC_000017.11:g.7675248G>A	0.0	Likely_benign	intronic	criteria_provided,_multiple_submitters,_no_conflicts
TP53		NC_000017.11:g.7675250_7675252del	0.0	Likely_benign	intronic	criteria_provided,_single_submitter
TP53		NC_000017.11:g.7675249G>A	0.0	Likely_benign	intronic	criteria_provided,_multiple_submitters,_no_conflicts
TP53		NC_000017.11:g.7675250A>C	0.0	Likely_benign	intronic	criteria_provided,_multiple_submitters,_no_conflicts
TP53		NC_000017.11:g.7675251A>G	0.0	Likely_benign	intronic	criteria_provided,_multiple_submitters,_no_conflicts
TP53		NC_000017.11:g.7675252G>A	0.0	Likely_benign	intronic	criteria_provided,_multiple_submitters,_no_conflicts
TP53		NC_000017.11:g.7675253G>A	0.0	Benign/Likely_benign	intronic	criteria_provided,_multiple_submitters,_no_conflicts
TP53		NC_000017.11:g.7675254dup	0.0	Likely_benign	intronic	criteria_provided,_multiple_submitters,_no_conflicts
TP53		NC_000017.11:g.7675254A>C	0.0	Likely_benign	intronic	criteria_provided,_single_submitter
TP53		NC_000017.11:g.7675255G>A	0.0	Likely_benign	intronic	criteria_provided,_multiple_submitters,_no_conflicts
TP53		NC_000017.11:g.7675257_7675258dup	0.0	Benign/Likely_benign	intronic	criteria_provided,_multiple_submitters,_no_conflicts
TP53		NC_000017.11:g.7675256A>G	0.0	Likely_benign	intronic	criteria_provided,_multiple_submitters,_no_conflicts
TP53		NC_000017.11:g.7675260A>T	0.0	Likely_benign	intronic	criteria_provided,_single_submitter
TP53		NC_000017.11:g.7675274dup	0.0	Uncertain_significance	intronic	no_assertion_criteria_provided
TP53		NC_000017.11:g.7675284A>T	0.0	Uncertain_significance	intronic	no_assertion_criteria_provided
TP53		NC_000017.11:g.7675322A>G	0.0	Likely_benign	intronic	criteria_provided,_multiple_submitters,_no_conflicts
TP53		NC_000017.11:g.7675327C>T	0.0	Benign	intronic	criteria_provided,_multiple_submitters,_no_conflicts
TP53		NC_000017.11:g.7675337T>A	0.0	Benign	intronic	criteria_provided,_multiple_submitters,_no_conflicts
TP53		NC_000017.11:g.7675353C>T	0.0	Likely_benign	intronic	criteria_provided,_multiple_submitters,_no_conflicts
TP53		NC_000017.11:g.7675361A>G	0.0	Benign	intronic	criteria_provided,_multiple_submitters,_no_conflicts
TP53		NC_000017.11:g.7675411del	0.0	Likely_benign	intronic	criteria_provided,_single_submitter
TP53		NC_000017.11:g.7675410_7675411del	0.0	Likely_benign	intronic	criteria_provided,_single_submitter
TP53		NC_000017.11:g.7675409_7675411del	0.0	Benign/Likely_benign	intronic	criteria_provided,_multiple_submitters,_no_conflicts
TP53		NC_000017.11:g.7675408_7675411del	0.0	Likely_benign	intronic	criteria_provided,_single_submitter
TP53		NC_000017.11:g.7675397T>C	0.0	Benign	intronic	criteria_provided,_multiple_submitters,_no_conflicts
TP53		NC_000017.11:g.7675505_7676086del	0.0	Pathogenic	splice_donor	criteria_provided,_single_submitter
TP53		NC_000017.11:g.7675519A>G	0.0	Benign	intronic	criteria_provided,_multiple_submitters,_no_conflicts
TP53		NC_000017.11:g.7675945C>T	0.0	Likely_benign	intronic	criteria_provided,_single_submitter
TP53		NC_000017.11:g.7675968G>T	0.0	Likely_benign	intronic	criteria_provided,_single_submitter
TP53		NC_000017.11:g.7675973_7676086del	0.0	Likely_pathogenic	splice_donor	criteria_provided,_multiple_submitters,_no_conflicts
TP53		NC_000017.11:g.7675975G>C	0.0	Likely_benign	intronic	criteria_provided,_single_submitter
TP53		NC_000017.11:g.7675978_7675979del	0.0	Likely_benign	intronic	criteria_provided,_single_submitter
TP53		NC_000017.11:g.7675976C>A	0.0	Likely_benign	intronic	criteria_provided,_single_submitter
TP53		NC_000017.11:g.7675976C>T	0.0	Likely_benign	intronic	criteria_provided,_multiple_submitters,_no_conflicts
TP53		NC_000017.11:g.7675977C>A	0.0	Likely_benign	intronic	criteria_provided,_single_submitter
TP53		NC_000017.11:g.7675977C>T	0.0	Likely_benign	intronic	criteria_provided,_multiple_submitters,_no_conflicts
TP53		NC_000017.11:g.7675978C>A	0.0	Likely_benign	intronic	criteria_provided,_single_submitter
TP53		NC_000017.11:g.7675978C>T	0.0	Likely_benign	intronic	criteria_provided,_multiple_submitters,_no_conflicts
TP53		NC_000017.11:g.7675980_7675993del	0.0	Pathogenic	splice_donor	criteria_provided,_single_submitter
TP53		NC_000017.11:g.7675983_7675999del	0.0	Pathogenic	splice_donor	criteria_provided,_single_submitter
TP53		NC_000017.11:g.7675981C>T	0.0	Likely_benign	intronic	criteria_provided,_multiple_submitters,_no_conflicts
TP53		NC_000017.11:g.7675982_7675984del	0.0	Likely_benign	intronic	criteria_provided,_single_submitter
TP53		NC_000017.11:g.7675982A>G	0.0	Likely_benign	intronic	criteria_provided,_single_submitter
TP53		NC_000017.11:g.7675983_7675989del	0.0	Uncertain_significance	intronic	criteria_provided,_multiple_submitters,_no_conflicts
TP53		NC_000017.11:g.7675983_7675991del	0.0	Uncertain_significance	intronic	criteria_provided,_single_submitter
TP53		NC_000017.11:g.7675983G>A	0.0	Likely_benign	intronic	criteria_provided,_single_submitter
TP53		NC_000017.11:g.7675985G>T	0.0	Likely_benign	intronic	criteria_provided,_single_submitter
TP53		NC_000017.11:g.7675986C>A	0.0	Likely_benign	intronic	criteria_provided,_multiple_submitters,_no_conflicts
TP53		NC_000017.11:g.7675986C>G	0.0	Likely_benign	intronic	criteria_provided,_multiple_submitters,_no_conflicts
TP53		NC_000017.11:g.7675986C>T	0.0	Likely_benign	intronic	criteria_provided,_single_submitter
TP53		NC_000017.11:g.7675989_7675990dup	0.0	Uncertain_significance	intronic	criteria_provided,_single_submitter
TP53		NC_000017.11:g.7675990_7675994dup	0.0	Uncertain_significance	splice_donor	criteria_provided,_multiple_submitters,_no_conflicts
TP53		NC_000017.11:g.7675988A>G	0.0	Uncertain_significance	intronic	criteria_provided,_multiple_submitters,_no_conflicts
TP53		NC_000017.11:g.7675989C>A	0.0	Uncertain_significance	intronic	criteria_provided,_single_submitter
TP53		NC_000017.11:g.7675989C>G	0.0	Uncertain_significance	intronic	criteria_provided,_multiple_submitters,_no_conflicts
TP53		NC_000017.11:g.7675989C>T	0.0	Conflicting_classifications_of_pathogenicity	intronic	criteria_provided,_conflicting_classifications
TP53		NC_000017.11:g.7675990T>C	0.0	Uncertain_significance	intronic	criteria_provided,_multiple_submitters,_no_conflicts
TP53		NC_000017.11:g.7675994dup	0.0	Pathogenic/Likely_pathogenic	splice_donor	criteria_provided,_multiple_submitters,_no_conflicts
TP53		NC_000017.11:g.7675993_7675994dup	0.0	Likely_pathogenic	splice_donor	criteria_provided,_single_submitter
TP53		NC_000017.11:g.7675992A>C	0.0	Pathogenic/Likely_pathogenic	splice_donor	criteria_provided,_multiple_submitters,_no_conflicts
TP53		NC_000017.11:g.7675992A>G	0.0	Pathogenic/Likely_pathogenic	splice_donor	criteria_provided,_multiple_submitters,_no_conflicts
TP53		NC_000017.11:g.7675992A>T	0.0	Pathogenic/Likely_pathogenic	splice_donor	criteria_provided,_multiple_submitters,_no_conflicts
TP53		NC_000017.11:g.7675993C>A	0.0	Pathogenic/Likely_pathogenic	splice_donor	criteria_provided,_multiple_submitters,_no_conflicts
TP53		NC_000017.11:g.7675993C>G	0.0	Pathogenic/Likely_pathogenic	splice_donor	criteria_provided,_multiple_submitters,_no_conflicts
TP53		NC_000017.11:g.7675993C>T	0.0	Pathogenic/Likely_pathogenic	splice_donor	criteria_provided,_multiple_submitters,_no_conflicts
TP53		NC_000017.11:g.7675996_7676007del	0.0	Pathogenic	other	criteria_provided,_single_submitter
TP53		NC_000017.11:g.7675995G>A	0.0	Conflicting_classifications_of_pathogenicity	missense	criteria_provided,_conflicting_classifications
TP53		NC_000017.11:g.7675995G>C	0.0	Pathogenic/Likely_pathogenic	missense	criteria_provided,_multiple_submitters,_no_conflicts
TP53		NC_000017.11:g.7676007_7676008insTTGCAAGTCACAG	0.0	Pathogenic	frameshift	criteria_provided,_single_submitter
TP53		NC_000017.11:g.7675995G>T	0.0	Pathogenic	missense	criteria_provided,_multiple_submitters,_no_conflicts
TP53		NC_000017.11:g.7675996T>C	0.0	Uncertain_significance	missense	criteria_provided,_single_submitter
TP53		NC_000017.11:g.7675996T>G	0.0	Conflicting_classifications_of_pathogenicity	missense	criteria_provided,_conflicting_classifications
TP53		NC_000017.11:g.7675997del	0.0	Pathogenic	frameshift	criteria_provided,_single_submitter
TP53		NC_000017.11:g.7675997G>C	0.0	Likely_benign	missense	criteria_provided,_single_submitter
TP53		NC_000017.11:g.7675998dup	0.0	Pathogenic	frameshift	criteria_provided,_multiple_submitters,_no_conflicts
TP53		NC_000017.11:g.7675997G>T	0.0	Pathogenic	other	reviewed_by_expert_panel
TP53		NC_000017.11:g.7675999_7676009del	0.0	Pathogenic	frameshift	no_assertion_criteria_provided
TP53		NC_000017.11:g.7675998C>G	0.0	Uncertain_significance	missense	criteria_provided,_single_submitter
TP53		NC_000017.11:g.7675999A>C	0.0	Uncertain_significance	missense	criteria_provided,_single_submitter
TP53		NC_000017.11:g.7675999A>G	0.0	Likely_pathogenic	missense	criteria_provided,_single_submitter
TP53		NC_000017.11:g.7675999A>T	0.0	Likely_benign	missense	reviewed_by_expert_panel
TP53		NC_000017.11:g.7676001_7676004del	0.0	Pathogenic	frameshift	criteria_provided,_single_submitter
TP53		NC_000017.11:g.7676001del	0.0	Pathogenic	frameshift	criteria_provided,_single_submitter
TP53		NC_000017.11:g.7676001G>A	0.0	Uncertain_significance	missense	criteria_provided,_multiple_submitters,_no_conflicts
TP53		NC_000017.11:g.7676001G>C	0.0	Uncertain_significance	missense	criteria_provided,_single_submitter
TP53		NC_000017.11:g.7676003CA[1]	0.0	Pathogenic	frameshift	criteria_provided,_multiple_submitters,_no_conflicts
TP53		NC_000017.11:g.7676004dup	0.0	Pathogenic	frameshift	criteria_provided,_single_submitter
TP53		NC_000017.11:g.7676006_7676040dup	0.0	Pathogenic	frameshift	criteria_provided,_multiple_submitters,_no_conflicts
TP53		NC_000017.11:g.7676010_7676040dup	0.0	Pathogenic	frameshift	no_assertion_criteria_provided
TP53		NC_000017.11:g.7676004A>G	0.0	Uncertain_significance	missense	criteria_provided,_multiple_submitters,_no_conflicts
TP53		NC_000017.11:g.7676005C>A	0.0	Uncertain_significance	missense	criteria_provided,_single_submitter
TP53		NC_000017.11:g.7676005C>T	0.0	Likely_benign	missense	reviewed_by_expert_panel
TP53		NC_000017.11:g.7676011_7676058dup	0.0	Likely_pathogenic	other	criteria_provided,_single_submitter
TP53		NC_000017.11:g.7676008A>G	0.0	Uncertain_significance	missense	criteria_provided,_multiple_submitters,_no_conflicts
TP53		NC_000017.11:g.7676010T>A	0.0	Uncertain_significance	missense	criteria_provided,_multiple_submitters,_no_conflicts
TP53		NC_000017.11:g.7676010T>C	0.0	Uncertain_significance	missense	criteria_provided,_multiple_submitters,_no_conflicts
TP53		NC_000017.11:g.7676010T>G	0.0	Uncertain_significance	missense	criteria_provided,_single_submitter
TP53		NC_000017.11:g.7676011T>A	0.0	Pathogenic	other	criteria_provided,_single_submitter
TP53		NC_000017.11:g.7676011T>C	0.0	Conflicting_classifications_of_pathogenicity	missense	criteria_provided,_conflicting_classifications
TP53		NC_000017.11:g.7676011T>G	0.0	Uncertain_significance	missense	criteria_provided,_multiple_submitters,_no_conflicts
TP53		NC_000017.11:g.7676013del	0.0	Pathogenic	frameshift	criteria_provided,_single_submitter
TP53		NC_000017.11:g.7676013G>C	0.0	Conflicting_classifications_of_pathogenicity	missense	criteria_provided,_conflicting_classifications
TP53		NC_000017.11:g.7676013G>T	0.0	Uncertain_significance	missense	criteria_provided,_multiple_submitters,_no_conflicts
TP53		NC_000017.11:g.7676014C>G	0.0	Uncertain_significance	missense	criteria_provided,_multiple_submitters,_no_conflicts
TP53		NC_000017.11:g.7676015del	0.0	Pathogenic	frameshift	criteria_provided,_single_submitter
TP53		NC_000017.11:g.7676016del	0.0	Pathogenic	frameshift	criteria_provided,_single_submitter
TP53		NC_000017.11:g.7676016G>A	0.0	Likely_benign	missense	reviewed_by_expert_panel
TP53		NC_000017.11:g.7676016G>C	0.0	Uncertain_significance	missense	criteria_provided,_single_submitter
TP53		NC_000017.11:g.7676017_7676024delinsGGCT	0.0	Pathogenic	frameshift	criteria_provided,_single_submitter
TP53		NC_000017.11:g.7676021_7676035del	0.0	Pathogenic	other	criteria_provided,_single_submitter
TP53		NC_000017.11:g.7676018_7676037delinsAG	0.0	Uncertain_significance	other	criteria_provided,_single_submitter
TP53		NC_000017.11:g.7676019C>A	0.0	Uncertain_significance	missense	criteria_provided,_single_submitter
TP53		NC_000017.11:g.7676019C>G	0.0	Uncertain_significance	missense	criteria_provided,_single_submitter
TP53		NC_000017.11:g.7676019C>T	0.0	Uncertain_significance	missense	criteria_provided,_single_submitter
TP53		NC_000017.11:g.7676020C>G	0.0	Uncertain_significance	missense	criteria_provided,_multiple_submitters,_no_conflicts
TP53		NC_000017.11:g.7676020C>T	0.0	Uncertain_significance	missense	criteria_provided,_multiple_submitters,_no_conflicts
TP53		NC_000017.11:g.7676024dup	0.0	Pathogenic	frameshift	criteria_provided,_single_submitter
TP53		NC_000017.11:g.7676023_7676029dup	0.0	Pathogenic	frameshift	criteria_provided,_multiple_submitters,_no_conflicts
TP53		NC_000017.11:g.7676023A>C	0.0	Conflicting_classifications_of_pathogenicity	missense	criteria_provided,_conflicting_classifications
TP53		NC_000017.11:g.7676026_7676049del	0.0	Pathogenic	other	criteria_provided,_single_submitter
TP53		NC_000017.11:g.7676025T>C	0.0	Likely_benign	missense	reviewed_by_expert_panel
TP53		NC_000017.11:g.7676026del	0.0	Pathogenic	frameshift	criteria_provided,_multiple_submitters,_no_conflicts
TP53		NC_000017.11:g.7676027dup	0.0	Pathogenic	frameshift	criteria_provided,_single_submitter
TP53		NC_000017.11:g.7676026G>T	0.0	Conflicting_classifications_of_pathogenicity	missense	criteria_provided,_conflicting_classifications
TP53		NC_000017.11:g.7676028AAG[1]	0.0	Conflicting_classifications_of_pathogenicity	other	criteria_provided,_conflicting_classifications
TP53		NC_000017.11:g.7676028A>G	0.0	Conflicting_classifications_of_pathogenicity	missense	criteria_provided,_conflicting_classifications
TP53		NC_000017.11:g.7676028A>T	0.0	Pathogenic	other	no_assertion_criteria_provided
TP53		NC_000017.11:g.7676029A>C	0.0	Uncertain_significance	missense	criteria_provided,_single_submitter
TP53		NC_000017.11:g.7676033_7676044del	0.0	Likely_pathogenic	other	criteria_provided,_multiple_submitters,_no_conflicts
TP53		NC_000017.11:g.7676031_7676048del	0.0	Pathogenic/Likely_pathogenic	other	criteria_provided,_multiple_submitters,_no_conflicts
TP53		NC_000017.11:g.7676030G>C	0.0	Pathogenic	missense	criteria_provided,_single_submitter
TP53		NC_000017.11:g.7676030G>T	0.0	Likely_pathogenic	missense	criteria_provided,_single_submitter
TP53		NC_000017.11:g.7676031A>C	0.0	Pathogenic	missense	criteria_provided,_single_submitter
TP53		NC_000017.11:g.7676031A>G	0.0	Uncertain_significance	missense	criteria_provided,_multiple_submitters,_no_conflicts
TP53		NC_000017.11:g.7676032A>C	0.0	Conflicting_classifications_of_pathogenicity	missense	criteria_provided,_conflicting_classifications
TP53		NC_000017.11:g.7676032A>G	0.0	Pathogenic	missense	criteria_provided,_single_submitter
TP53		NC_000017.11:g.7676032A>T	0.0	Pathogenic/Likely_pathogenic	missense	criteria_provided,_multiple_submitters,_no_conflicts
TP53		NC_000017.11:g.7676037_7676057del	0.0	Likely_pathogenic	other	criteria_provided,_single_submitter
TP53		NC_000017.11:g.7676036_7676047del	0.0	Pathogenic	other	criteria_provided,_single_submitter
TP53		NC_000017.11:g.7676034C>G	0.0	Uncertain_significance	missense	criteria_provided,_single_submitter
TP53		NC_000017.11:g.7676034C>T	0.0	Uncertain_significance	missense	criteria_provided,_multiple_submitters,_no_conflicts
TP53		NC_000017.11:g.7676035C>T	0.0	Conflicting_classifications_of_pathogenicity	missense	criteria_provided,_conflicting_classifications
TP53		NC_000017.11:g.7676037_7676039dup	0.0	Uncertain_significance	other	criteria_provided,_single_submitter
TP53		NC_000017.11:g.7676038_7676039del	0.0	Pathogenic	frameshift	criteria_provided,_single_submitter
TP53		NC_000017.11:g.7676037A>C	0.0	Uncertain_significance	missense	criteria_provided,_single_submitter
TP53		NC_000017.11:g.7676037A>G	0.0	Conflicting_classifications_of_pathogenicity	missense	criteria_provided,_conflicting_classifications
TP53		NC_000017.11:g.7676037A>T	0.0	Pathogenic	missense	reviewed_by_expert_panel
TP53		NC_000017.11:g.7676038del	0.0	Pathogenic	frameshift	no_assertion_criteria_provided
TP53		NC_000017.11:g.7676039_7676041del	0.0	Uncertain_significance	other	criteria_provided,_single_submitter
TP53		NC_000017.11:g.7676038_7676048del	0.0	Pathogenic	frameshift	criteria_provided,_single_submitter
TP53		NC_000017.11:g.7676038G>C	0.0	Conflicting_classifications_of_pathogenicity	missense	criteria_provided,_conflicting_classifications
TP53		NC_000017.11:g.7676038G>T	0.0	Uncertain_significance	missense	criteria_provided,_multiple_submitters,_no_conflicts
TP53		NC_000017.11:g.7676039del	0.0	Pathogenic	frameshift	criteria_provided,_single_submitter
TP53		NC_000017.11:g.7676041_7676046del	0.0	Likely_pathogenic	other	criteria_provided,_single_submitter
TP53		NC_000017.11:g.7676038_7676045delinsTTT	0.0	Pathogenic/Likely_pathogenic	frameshift	criteria_provided,_multiple_submitters,_no_conflicts
TP53		NC_000017.11:g.7676042_7676048dup	0.0	Pathogenic	frameshift	criteria_provided,_multiple_submitters,_no_conflicts
TP53		NC_000017.11:g.7676039_7676040delinsGG	0.0	Pathogenic	missense	criteria_provided,_single_submitter
TP53		NC_000017.11:g.7676042_7676048del	0.0	Pathogenic	frameshift	criteria_provided,_multiple_submitters,_no_conflicts
TP53		NC_000017.11:g.7676041_7676056del	0.0	Pathogenic	frameshift	criteria_provided,_single_submitter
TP53		NC_000017.11:g.7676040_7676059del	0.0	Pathogenic	frameshift	criteria_provided,_single_submitter
TP53		NC_000017.11:g.7676040C>A	0.0	Pathogenic	missense	reviewed_by_expert_panel
TP53		NC_000017.11:g.7676041_7676042dup	0.0	Pathogenic	frameshift	criteria_provided,_single_submitter
TP53		NC_000017.11:g.7676040_7676041insT	0.0	Pathogenic	frameshift	criteria_provided,_single_submitter
TP53		NC_000017.11:g.7676040C>G	0.0	Pathogenic	missense	reviewed_by_expert_panel
TP53		NC_000017.11:g.7676040C>T	0.0	Likely_benign	missense	reviewed_by_expert_panel
TP53		NC_000017.11:g.7676042del	0.0	Pathogenic	frameshift	criteria_provided,_multiple_submitters,_no_conflicts
TP53		NC_000017.11:g.7676041_7676042del	0.0	Pathogenic/Likely_pathogenic	frameshift	criteria_provided,_multiple_submitters,_no_conflicts
TP53		NC_000017.11:g.7676041_7676044del	0.0	Pathogenic	frameshift	criteria_provided,_single_submitter
TP53		NC_000017.11:g.7676041G>A	0.0	Uncertain_significance	missense	reviewed_by_expert_panel
TP53		NC_000017.11:g.7676041G>C	0.0	Likely_pathogenic	missense	reviewed_by_expert_panel
TP53		NC_000017.11:g.7676042_7676043dup	0.0	Likely_pathogenic	frameshift	criteria_provided,_single_submitter
TP53		NC_000017.11:g.7676043_7676048dup	0.0	Pathogenic	other	criteria_provided,_single_submitter
TP53		NC_000017.11:g.7676041G>T	0.0	Uncertain_significance	missense	criteria_provided,_multiple_submitters,_no_conflicts
TP53		NC_000017.11:g.7676041_7676045delinsTTTT	0.0	Pathogenic	frameshift	criteria_provided,_single_submitter
TP53		NC_000017.11:g.7676042_7676049del	0.0	Pathogenic	frameshift	criteria_provided,_single_submitter
TP53		NC_000017.11:g.7676043_7676045del	0.0	Uncertain_significance	other	criteria_provided,_single_submitter
TP53		NC_000017.11:g.7676043A>C	0.0	Likely_pathogenic	missense	criteria_provided,_single_submitter
TP53		NC_000017.11:g.7676043A>G	0.0	Uncertain_significance	missense	criteria_provided,_multiple_submitters,_no_conflicts
TP53		NC_000017.11:g.7676043A>T	0.0	Uncertain_significance	missense	criteria_provided,_single_submitter
TP53		NC_000017.11:g.7676043delinsTTGGG	0.0	Pathogenic	frameshift	criteria_provided,_single_submitter
TP53		NC_000017.11:g.7676043_7676045inv	0.0	Uncertain_significance	missense	criteria_provided,_single_submitter
TP53		NC_000017.11:g.7676044A>C	0.0	Conflicting_classifications_of_pathogenicity	missense	criteria_provided,_conflicting_classifications
TP53		NC_000017.11:g.7676044A>T	0.0	Likely_pathogenic	missense	criteria_provided,_multiple_submitters,_no_conflicts
TP53		NC_000017.11:g.7676045_7676047del	0.0	Uncertain_significance	other	no_assertion_criteria_provided
TP53		NC_000017.11:g.7676045_7676055del	0.0	Pathogenic	frameshift	criteria_provided,_single_submitter
TP53		NC_000017.11:g.7676047dup	0.0	Pathogenic	frameshift	criteria_provided,_multiple_submitters,_no_conflicts
TP53		NC_000017.11:g.7676047del	0.0	Pathogenic	frameshift	criteria_provided,_single_submitter
TP53		NC_000017.11:g.7676046C>A	0.0	Uncertain_significance	missense	criteria_provided,_single_submitter
TP53		NC_000017.11:g.7676046C>T	0.0	Uncertain_significance	missense	criteria_provided,_multiple_submitters,_no_conflicts
TP53		NC_000017.11:g.7676047C>A	0.0	Conflicting_classifications_of_pathogenicity	missense	criteria_provided,_conflicting_classifications
TP53		NC_000017.11:g.7676047C>G	0.0	Uncertain_significance	missense	criteria_provided,_multiple_submitters,_no_conflicts
TP53		NC_000017.11:g.7676047C>T	0.0	Likely_benign	missense	reviewed_by_expert_panel
TP53		NC_000017.11:g.7676048G>C	0.0	Pathogenic	other	criteria_provided,_multiple_submitters,_no_conflicts
TP53		NC_000017.11:g.7676048G>T	0.0	Pathogenic	other	criteria_provided,_single_submitter
TP53		NC_000017.11:g.7676049T>C	0.0	Uncertain_significance	missense	criteria_provided,_multiple_submitters,_no_conflicts
TP53		NC_000017.11:g.7676049T>G	0.0	Uncertain_significance	missense	criteria_provided,_single_submitter
TP53		NC_000017.11:g.7676051dup	0.0	Likely_pathogenic	frameshift	criteria_provided,_single_submitter
TP53		NC_000017.11:g.7676050A>C	0.0	Conflicting_classifications_of_pathogenicity	missense	criteria_provided,_conflicting_classifications
TP53		NC_000017.11:g.7676050A>G	0.0	Benign	missense	reviewed_by_expert_panel
TP53		NC_000017.11:g.7676050A>T	0.0	Uncertain_significance	missense	criteria_provided,_single_submitter
TP53		NC_000017.11:g.7676051G>C	0.0	Conflicting_classifications_of_pathogenicity	missense	criteria_provided,_conflicting_classifications
TP53		NC_000017.11:g.7676052C>A	0.0	Conflicting_classifications_of_pathogenicity	missense	criteria_provided,_conflicting_classifications
TP53		NC_000017.11:g.7676054del	0.0	Pathogenic	frameshift	criteria_provided,_single_submitter
TP53		NC_000017.11:g.7676057del	0.0	Pathogenic	frameshift	criteria_provided,_single_submitter
TP53		NC_000017.11:g.7676054_7676055delinsTG	0.0	Uncertain_significance	missense	criteria_provided,_single_submitter
TP53		NC_000017.11:g.7676055C>A	0.0	Conflicting_classifications_of_pathogenicity	missense	criteria_provided,_conflicting_classifications
TP53		NC_000017.11:g.7676055C>G	0.0	Uncertain_significance	missense	criteria_provided,_single_submitter
TP53		NC_000017.11:g.7676055C>T	0.0	Conflicting_classifications_of_pathogenicity	missense	criteria_provided,_conflicting_classifications
TP53		NC_000017.11:g.7676056C>G	0.0	Pathogenic/Likely_pathogenic	missense	criteria_provided,_multiple_submitters,_no_conflicts
TP53		NC_000017.11:g.7676056C>T	0.0	Pathogenic/Likely_pathogenic	missense	criteria_provided,_multiple_submitters,_no_conflicts
TP53		NC_000017.11:g.7676058T>A	0.0	Conflicting_classifications_of_pathogenicity	missense	criteria_provided,_conflicting_classifications
TP53		NC_000017.11:g.7676060del	0.0	Pathogenic	frameshift	no_assertion_criteria_provided
TP53		NC_000017.11:g.7676061_7676073del	0.0	Pathogenic	frameshift	criteria_provided,_single_submitter
TP53		NC_000017.11:g.7676059G>A	0.0	Pathogenic	other	criteria_provided,_multiple_submitters,_no_conflicts
TP53		NC_000017.11:g.7676061_7676063dup	0.0	Uncertain_significance	other	criteria_provided,_single_submitter
TP53		NC_000017.11:g.7676060G>C	0.0	Pathogenic	other	criteria_provided,_multiple_submitters,_no_conflicts
TP53		NC_000017.11:g.7676061dup	0.0	Pathogenic	frameshift	no_assertion_criteria_provided
TP53		NC_000017.11:g.7676060G>T	0.0	Pathogenic	other	criteria_provided,_multiple_submitters,_no_conflicts
TP53		NC_000017.11:g.7676060_7676062delinsCTG	0.0	Uncertain_significance	missense	criteria_provided,_single_submitter
TP53		NC_000017.11:g.7676061T>G	0.0	Uncertain_significance	missense	criteria_provided,_single_submitter
TP53		NC_000017.11:g.7676062_7676064del	0.0	Uncertain_significance	other	criteria_provided,_single_submitter
TP53		NC_000017.11:g.7676064del	0.0	Pathogenic/Likely_pathogenic	frameshift	criteria_provided,_multiple_submitters,_no_conflicts
TP53		NC_000017.11:g.7676064G>A	0.0	Conflicting_classifications_of_pathogenicity	missense	criteria_provided,_conflicting_classifications
TP53		NC_000017.11:g.7676068dup	0.0	Pathogenic	frameshift	criteria_provided,_single_submitter
TP53		NC_000017.11:g.7676068del	0.0	Pathogenic	frameshift	criteria_provided,_multiple_submitters,_no_conflicts
TP53		NC_000017.11:g.7676065T>A	0.0	Conflicting_classifications_of_pathogenicity	missense	criteria_provided,_conflicting_classifications
TP53		NC_000017.11:g.7676065T>C	0.0	Uncertain_significance	missense	criteria_provided,_single_submitter
TP53		NC_000017.11:g.7676066T>A	0.0	Uncertain_significance	missense	criteria_provided,_multiple_submitters,_no_conflicts
TP53		NC_000017.11:g.7676068T>C	0.0	Uncertain_significance	missense	criteria_provided,_multiple_submitters,_no_conflicts
TP53		NC_000017.11:g.7676068T>G	0.0	Uncertain_significance	missense	criteria_provided,_single_submitter
TP53		NC_000017.11:g.7676073del	0.0	Pathogenic/Likely_pathogenic	frameshift	criteria_provided,_multiple_submitters,_no_conflicts
TP53		NC_000017.11:g.7676075_7676079del	0.0	Pathogenic	frameshift	criteria_provided,_single_submitter
TP53		NC_000017.11:g.7676071G>A	0.0	Pathogenic/Likely_pathogenic	other	criteria_provided,_multiple_submitters,_no_conflicts
TP53		NC_000017.11:g.7676074_7676077del	0.0	Pathogenic	frameshift	criteria_provided,_multiple_submitters,_no_conflicts
TP53		NC_000017.11:g.7676073G>A	0.0	Uncertain_significance	missense	criteria_provided,_single_submitter
TP53		NC_000017.11:g.7676073G>C	0.0	Uncertain_significance	missense	criteria_provided,_single_submitter
TP53		NC_000017.11:g.7676075del	0.0	Pathogenic	frameshift	criteria_provided,_single_submitter
TP53		NC_000017.11:g.7676075_7676077del	0.0	Uncertain_significance	other	criteria_provided,_single_submitter
TP53		NC_000017.11:g.7676078del	0.0	Pathogenic	frameshift	criteria_provided,_single_submitter
TP53		NC_000017.11:g.7676076G>A	0.0	Conflicting_classifications_of_pathogenicity	missense	criteria_provided,_conflicting_classifications
TP53		NC_000017.11:g.7676076G>C	0.0	Uncertain_significance	missense	criteria_provided,_multiple_submitters,_no_conflicts
TP53		NC_000017.11:g.7676077G>A	0.0	Uncertain_significance	missense	criteria_provided,_multiple_submitters,_no_conflicts
TP53		NC_000017.11:g.7676077G>C	0.0	Uncertain_significance	missense	criteria_provided,_multiple_submitters,_no_conflicts
TP53		NC_000017.11:g.7676077G>T	0.0	Uncertain_significance	missense	criteria_provided,_single_submitter
TP53		NC_000017.11:g.7676080_7676083del	0.0	Pathogenic	frameshift	criteria_provided,_single_submitter
TP53		NC_000017.11:g.7676079A>G	0.0	Uncertain_significance	missense	criteria_provided,_single_submitter
TP53		NC_000017.11:g.7676079A>T	0.0	Uncertain_significance	missense	criteria_provided,_multiple_submitters,_no_conflicts
TP53		NC_000017.11:g.7676080C>A	0.0	Conflicting_classifications_of_pathogenicity	missense	criteria_provided,_conflicting_classifications
TP53		NC_000017.11:g.7676081dup	0.0	Pathogenic	frameshift	criteria_provided,_single_submitter
TP53		NC_000017.11:g.7676080C>G	0.0	Conflicting_classifications_of_pathogenicity	missense	criteria_provided,_conflicting_classifications
TP53		NC_000017.11:g.7676080C>T	0.0	Uncertain_significance	missense	criteria_provided,_multiple_submitters,_no_conflicts
TP53		NC_000017.11:g.7676081AGA[1]	0.0	Uncertain_significance	other	criteria_provided,_multiple_submitters,_no_conflicts
TP53		NC_000017.11:g.7676082_7676086del	0.0	Pathogenic	frameshift	no_assertion_criteria_provided
TP53		NC_000017.11:g.7676082_7676083insT	0.0	Pathogenic	frameshift	criteria_provided,_single_submitter
TP53		NC_000017.11:g.7676084del	0.0	Pathogenic	frameshift	criteria_provided,_multiple_submitters,_no_conflicts
TP53		NC_000017.11:g.7676084_7676091del	0.0	Pathogenic	frameshift	criteria_provided,_single_submitter
TP53		NC_000017.11:g.7676085G>A	0.0	Uncertain_significance	missense	criteria_provided,_multiple_submitters,_no_conflicts
TP53		NC_000017.11:g.7676087del	0.0	Pathogenic	frameshift	criteria_provided,_single_submitter
TP53		NC_000017.11:g.7676088G>A	0.0	Likely_benign	missense	criteria_provided,_single_submitter
TP53		NC_000017.11:g.7676090_7676091dup	0.0	Pathogenic	frameshift	criteria_provided,_single_submitter
TP53		NC_000017.11:g.7676088G>T	0.0	Pathogenic	other	criteria_provided,_multiple_submitters,_no_conflicts
TP53		NC_000017.11:g.7676089A>C	0.0	Likely_benign	missense	criteria_provided,_single_submitter
TP53		NC_000017.11:g.7676089A>T	0.0	Uncertain_significance	missense	criteria_provided,_single_submitter
TP53		NC_000017.11:g.7676090del	0.0	Pathogenic	frameshift	criteria_provided,_single_submitter
TP53		NC_000017.11:g.7676094_7676100del	0.0	Pathogenic/Likely_pathogenic	frameshift	criteria_provided,_multiple_submitters,_no_conflicts
TP53		NC_000017.11:g.7676098_7676120del	0.0	Pathogenic	frameshift	criteria_provided,_multiple_submitters,_no_conflicts
TP53		NC_000017.11:g.7676099_7676151del	0.0	Pathogenic	frameshift	criteria_provided,_multiple_submitters,_no_conflicts
TP53		NC_000017.11:g.7676091del	0.0	Pathogenic	frameshift	no_assertion_criteria_provided
TP53		NC_000017.11:g.7676091_7676092del	0.0	Pathogenic	frameshift	criteria_provided,_multiple_submitters,_no_conflicts
TP53		NC_000017.11:g.7676095dup	0.0	Uncertain_significance	frameshift	criteria_provided,_single_submitter
TP53		NC_000017.11:g.7676091A>C	0.0	Uncertain_significance	missense	criteria_provided,_single_submitter
TP53		NC_000017.11:g.7676091A>G	0.0	Uncertain_significance	missense	criteria_provided,_multiple_submitters,_no_conflicts
TP53		NC_000017.11:g.7676095del	0.0	Pathogenic	frameshift	no_assertion_criteria_provided
TP53		NC_000017.11:g.7676097_7676107del	0.0	Pathogenic	frameshift	criteria_provided,_single_submitter
TP53		NC_000017.11:g.7676096_7676103dup	0.0	Pathogenic	frameshift	criteria_provided,_single_submitter
TP53		NC_000017.11:g.7676094G>A	0.0	Conflicting_classifications_of_pathogenicity	missense	criteria_provided,_conflicting_classifications
TP53		NC_000017.11:g.7676094G>T	0.0	Uncertain_significance	missense	criteria_provided,_single_submitter
TP53		NC_000017.11:g.7676096C>T	0.0	Pathogenic	other	criteria_provided,_multiple_submitters,_no_conflicts
TP53		NC_000017.11:g.7676098dup	0.0	Pathogenic	frameshift	criteria_provided,_multiple_submitters,_no_conflicts
TP53		NC_000017.11:g.7676097C>G	0.0	Uncertain_significance	missense	criteria_provided,_single_submitter
TP53		NC_000017.11:g.7676097C>T	0.0	Pathogenic/Likely_pathogenic	other	criteria_provided,_multiple_submitters,_no_conflicts
TP53		NC_000017.11:g.7676098A>G	0.0	Uncertain_significance	missense	criteria_provided,_single_submitter
TP53		NC_000017.11:g.7676100del	0.0	Likely_pathogenic	frameshift	no_assertion_criteria_provided
TP53		NC_000017.11:g.7676101_7676110del	0.0	Pathogenic	frameshift	criteria_provided,_single_submitter
TP53		NC_000017.11:g.7676100_7676110del	0.0	Pathogenic	frameshift	no_assertion_criteria_provided
TP53		NC_000017.11:g.7676100G>A	0.0	Uncertain_significance	missense	criteria_provided,_multiple_submitters,_no_conflicts
TP53		NC_000017.11:g.7676101_7676105AGGGGC[3]CAGGAGGGGCAGGGG[1]	0.0	Pathogenic	frameshift	criteria_provided,_single_submitter
TP53		NC_000017.11:g.7676106dup	0.0	Pathogenic	frameshift	criteria_provided,_single_submitter
TP53		NC_000017.11:g.7676106del	0.0	Pathogenic	frameshift	criteria_provided,_multiple_submitters,_no_conflicts
TP53		NC_000017.11:g.7676105_7676106del	0.0	Pathogenic	frameshift	criteria_provided,_single_submitter
TP53		NC_000017.11:g.7676103G>A	0.0	Conflicting_classifications_of_pathogenicity	missense	criteria_provided,_conflicting_classifications
TP53		NC_000017.11:g.7676104G>T	0.0	Conflicting_classifications_of_pathogenicity	missense	criteria_provided,_conflicting_classifications
TP53		NC_000017.11:g.7676121_7676150del	0.0	Uncertain_significance	other	criteria_provided,_multiple_submitters,_no_conflicts
TP53		NC_000017.11:g.7676106G>A	0.0	Conflicting_classifications_of_pathogenicity	missense	criteria_provided,_conflicting_classifications
TP53		NC_000017.11:g.7676106G>C	0.0	Uncertain_significance	missense	criteria_provided,_single_submitter
TP53		NC_000017.11:g.7676107del	0.0	Pathogenic	frameshift	criteria_provided,_multiple_submitters,_no_conflicts
TP53		NC_000017.11:g.7676106_7676108delinsCAGGGGCAGGGGCCAGGAGGGGCAGGGGCCA	0.0	Pathogenic	frameshift	criteria_provided,_multiple_submitters,_no_conflicts
TP53		NC_000017.11:g.7676107C>G	0.0	Uncertain_significance	missense	criteria_provided,_single_submitter
TP53		NC_000017.11:g.7676110_7676125del	0.0	Likely_pathogenic	frameshift	criteria_provided,_single_submitter
TP53		NC_000017.11:g.7676109G>A	0.0	Conflicting_classifications_of_pathogenicity	missense	criteria_provided,_conflicting_classifications
TP53		NC_000017.11:g.7676109G>C	0.0	Uncertain_significance	missense	criteria_provided,_multiple_submitters,_no_conflicts
TP53		NC_000017.11:g.7676110G>A	0.0	Uncertain_significance	missense	criteria_provided,_single_submitter
TP53		NC_000017.11:g.7676110G>C	0.0	Uncertain_significance	missense	criteria_provided,_single_submitter
TP53		NC_000017.11:g.7676112G>A	0.0	Conflicting_classifications_of_pathogenicity	missense	criteria_provided,_conflicting_classifications
TP53		NC_000017.11:g.7676114_7676123del	0.0	Pathogenic	frameshift	criteria_provided,_single_submitter
TP53		NC_000017.11:g.7676113C>G	0.0	Conflicting_classifications_of_pathogenicity	missense	criteria_provided,_conflicting_classifications
TP53		NC_000017.11:g.7676113C>T	0.0	Conflicting_classifications_of_pathogenicity	missense	criteria_provided,_conflicting_classifications
TP53		NC_000017.11:g.7676118dup	0.0	Pathogenic	frameshift	criteria_provided,_single_submitter
TP53		NC_000017.11:g.7676118del	0.0	Pathogenic	frameshift	criteria_provided,_multiple_submitters,_no_conflicts
TP53		NC_000017.11:g.7676115G>A	0.0	Uncertain_significance	missense	criteria_provided,_single_submitter
TP53		NC_000017.11:g.7676118_7676125del	0.0	Pathogenic	frameshift	no_assertion_criteria_provided
TP53		NC_000017.11:g.7676116G>A	0.0	Uncertain_significance	missense	criteria_provided,_multiple_submitters,_no_conflicts
TP53		NC_000017.11:g.7676116G>C	0.0	Uncertain_significance	missense	criteria_provided,_single_submitter
TP53		NC_000017.11:g.7676118G>A	0.0	Conflicting_classifications_of_pathogenicity	missense	criteria_provided,_conflicting_classifications
TP53		NC_000017.11:g.7676120del	0.0	Pathogenic	frameshift	criteria_provided,_single_submitter
TP53		NC_000017.11:g.7676118_7676119delinsTT	0.0	Uncertain_significance	missense	criteria_provided,_single_submitter
TP53		NC_000017.11:g.7676119C>T	0.0	Likely_benign	missense	reviewed_by_expert_panel
TP53		NC_000017.11:g.7676121_7676122del	0.0	Pathogenic	frameshift	criteria_provided,_single_submitter
TP53		NC_000017.11:g.7676121G>A	0.0	Conflicting_classifications_of_pathogenicity	missense	criteria_provided,_conflicting_classifications
TP53		NC_000017.11:g.7676121G>T	0.0	Conflicting_classifications_of_pathogenicity	missense	criteria_provided,_conflicting_classifications
TP53		NC_000017.11:g.7676123del	0.0	Likely_pathogenic	frameshift	criteria_provided,_single_submitter
TP53		NC_000017.11:g.7676122C>A	0.0	Uncertain_significance	missense	criteria_provided,_single_submitter
TP53		NC_000017.11:g.7676122C>G	0.0	Likely_benign	missense	criteria_provided,_single_submitter
TP53		NC_000017.11:g.7676122C>T	0.0	Uncertain_significance	missense	criteria_provided,_single_submitter
TP53		NC_000017.11:g.7676124_7676127dup	0.0	Pathogenic	frameshift	criteria_provided,_single_submitter
TP53		NC_000017.11:g.7676126_7676131dup	0.0	Uncertain_significance	other	criteria_provided,_single_submitter
TP53		NC_000017.11:g.7676125del	0.0	Pathogenic	frameshift	criteria_provided,_single_submitter
TP53		NC_000017.11:g.7676124G>A	0.0	Likely_benign	missense	reviewed_by_expert_panel
TP53		NC_000017.11:g.7676124G>C	0.0	Uncertain_significance	missense	criteria_provided,_single_submitter
TP53		NC_000017.11:g.7676126_7676142dup	0.0	Pathogenic	frameshift	criteria_provided,_single_submitter
TP53		NC_000017.11:g.7676125GT[1]	0.0	Pathogenic	frameshift	criteria_provided,_single_submitter
TP53		NC_000017.11:g.7676125G>A	0.0	Uncertain_significance	missense	criteria_provided,_single_submitter
TP53		NC_000017.11:g.7676125G>C	0.0	Conflicting_classifications_of_pathogenicity	missense	criteria_provided,_conflicting_classifications
TP53		NC_000017.11:g.7676127G>A	0.0	Conflicting_classifications_of_pathogenicity	missense	criteria_provided,_conflicting_classifications
TP53		NC_000017.11:g.7676128dup	0.0	Pathogenic/Likely_pathogenic	frameshift	criteria_provided,_multiple_submitters,_no_conflicts
TP53		NC_000017.11:g.7676131del	0.0	Pathogenic	frameshift	criteria_provided,_single_submitter
TP53		NC_000017.11:g.7676130G>A	0.0	Uncertain_significance	missense	criteria_provided,_single_submitter
TP53		NC_000017.11:g.7676131G>A	0.0	Uncertain_significance	missense	criteria_provided,_multiple_submitters,_no_conflicts
TP53		NC_000017.11:g.7676133_7676151del	0.0	Pathogenic	frameshift	criteria_provided,_single_submitter
TP53		NC_000017.11:g.7676133G>C	0.0	Uncertain_significance	missense	criteria_provided,_multiple_submitters,_no_conflicts
TP53		NC_000017.11:g.7676136G>A	0.0	Conflicting_classifications_of_pathogenicity	missense	criteria_provided,_conflicting_classifications
TP53		NC_000017.11:g.7676136G>C	0.0	Conflicting_classifications_of_pathogenicity	missense	criteria_provided,_conflicting_classifications
TP53		NC_000017.11:g.7676138_7676185del	0.0	Uncertain_significance	other	criteria_provided,_multiple_submitters,_no_conflicts
TP53		NC_000017.11:g.7676137C>A	0.0	Uncertain_significance	missense	criteria_provided,_single_submitter
TP53		NC_000017.11:g.7676137C>T	0.0	Uncertain_significance	missense	criteria_provided,_single_submitter
TP53		NC_000017.11:g.7676140G>A	0.0	Conflicting_classifications_of_pathogenicity	missense	criteria_provided,_conflicting_classifications
TP53		NC_000017.11:g.7676140G>C	0.0	Uncertain_significance	missense	criteria_provided,_single_submitter
TP53		NC_000017.11:g.7676140G>T	0.0	Conflicting_classifications_of_pathogenicity	missense	criteria_provided,_conflicting_classifications
TP53		NC_000017.11:g.7676142dup	0.0	Pathogenic	frameshift	criteria_provided,_single_submitter
TP53		NC_000017.11:g.7676142G>A	0.0	Uncertain_significance	missense	criteria_provided,_multiple_submitters,_no_conflicts
TP53		NC_000017.11:g.7676142G>C	0.0	Benign	missense	criteria_provided,_single_submitter
TP53		NC_000017.11:g.7676143C>T	0.0	Uncertain_significance	missense	criteria_provided,_single_submitter
TP53		NC_000017.11:g.7676144del	0.0	Pathogenic	frameshift	criteria_provided,_single_submitter
TP53		NC_000017.11:g.7676148dup	0.0	Pathogenic	frameshift	no_assertion_criteria_provided
TP53		NC_000017.11:g.7676148del	0.0	Pathogenic	frameshift	criteria_provided,_single_submitter
TP53		NC_000017.11:g.7676145G>A	0.0	Uncertain_significance	missense	criteria_provided,_single_submitter
TP53		NC_000017.11:g.7676146G>T	0.0	Uncertain_significance	missense	criteria_provided,_single_submitter
TP53		NC_000017.11:g.7676149_7676153dup	0.0	Pathogenic	frameshift	criteria_provided,_single_submitter
TP53		NC_000017.11:g.7676148G>A	0.0	Likely_benign	missense	reviewed_by_expert_panel
TP53		NC_000017.11:g.7676148G>C	0.0	Conflicting_classifications_of_pathogenicity	missense	criteria_provided,_conflicting_classifications
TP53		NC_000017.11:g.7676149C>A	0.0	Uncertain_significance	missense	criteria_provided,_single_submitter
TP53		NC_000017.11:g.7676150_7676154delinsTACGC	0.0	Benign	missense	criteria_provided,_single_submitter
TP53		NC_000017.11:g.7676151A>G	0.0	Uncertain_significance	missense	criteria_provided,_single_submitter
TP53		NC_000017.11:g.7676151A>T	0.0	Likely_benign	missense	criteria_provided,_single_submitter
TP53		NC_000017.11:g.7676152C>A	0.0	Uncertain_significance	missense	criteria_provided,_single_submitter
TP53		NC_000017.11:g.7676158dup	0.0	Pathogenic	frameshift	criteria_provided,_multiple_submitters,_no_conflicts
TP53		NC_000017.11:g.7676152C>T	0.0	Benign	missense	reviewed_by_expert_panel
TP53		NC_000017.11:g.7676158del	0.0	Pathogenic	frameshift	criteria_provided,_multiple_submitters,_no_conflicts
TP53		NC_000017.11:g.7676152_7676154delinsTGC	0.0	Conflicting_classifications_of_pathogenicity	missense	criteria_provided,_conflicting_classifications
TP53		NC_000017.11:g.7676153_7676154delinsAC	0.0	Benign/Likely_benign	missense	criteria_provided,_multiple_submitters,_no_conflicts
TP53		NC_000017.11:g.7676153_7676154inv	0.0	Likely_benign	missense	criteria_provided,_single_submitter
TP53		NC_000017.11:g.7676153_7676154delinsTC	0.0	Benign	missense	criteria_provided,_single_submitter
TP53		NC_000017.11:g.7676154%3D	0.0	Benign	other	criteria_provided,_single_submitter
TP53		NC_000017.11:g.7676154G>A	0.0	Conflicting_classifications_of_pathogenicity	missense	criteria_provided,_conflicting_classifications
TP53		NC_000017.11:g.7676154G>C	0.0	Benign	missense	criteria_provided,_multiple_submitters,_no_conflicts
TP53		NC_000017.11:g.7676154_7676155insC	0.0	Pathogenic	frameshift	criteria_provided,_single_submitter
TP53		NC_000017.11:g.7676154G>T	0.0	Benign	missense	reviewed_by_expert_panel
TP53		NC_000017.11:g.7676154_7676155delinsCA	0.0	Uncertain_significance	missense	reviewed_by_expert_panel
TP53		NC_000017.11:g.7676154_7676155inv	0.0	Uncertain_significance	missense	criteria_provided,_single_submitter
TP53		NC_000017.11:g.7676154_7676155delinsCT	0.0	Uncertain_significance	missense	criteria_provided,_single_submitter
TP53		NC_000017.11:g.7676154_7676156delinsCGA	0.0	Benign	missense	criteria_provided,_multiple_submitters,_no_conflicts
TP53		NC_000017.11:g.7676155G>A	0.0	Conflicting_classifications_of_pathogenicity	missense	criteria_provided,_conflicting_classifications
TP53		NC_000017.11:g.7676155G>C	0.0	Likely_benign	missense	reviewed_by_expert_panel
TP53		NC_000017.11:g.7676155G>T	0.0	Conflicting_classifications_of_pathogenicity	missense	criteria_provided,_conflicting_classifications
TP53		NC_000017.11:g.7676157G>C	0.0	Uncertain_significance	missense	criteria_provided,_single_submitter
TP53		NC_000017.11:g.7676158G>A	0.0	Conflicting_classifications_of_pathogenicity	missense	criteria_provided,_conflicting_classifications
TP53		NC_000017.11:g.7676158G>C	0.0	Conflicting_classifications_of_pathogenicity	missense	criteria_provided,_conflicting_classifications
TP53		NC_000017.11:g.7676160G>A	0.0	Uncertain_significance	missense	criteria_provided,_multiple_submitters,_no_conflicts
TP53		NC_000017.11:g.7676163G>A	0.0	Conflicting_classifications_of_pathogenicity	missense	criteria_provided,_conflicting_classifications
TP53		NC_000017.11:g.7676163G>C	0.0	Uncertain_significance	missense	reviewed_by_expert_panel
TP53		NC_000017.11:g.7676165del	0.0	Pathogenic	frameshift	criteria_provided,_multiple_submitters,_no_conflicts
TP53		NC_000017.11:g.7676164C>G	0.0	Uncertain_significance	missense	criteria_provided,_single_submitter
TP53		NC_000017.11:g.7676164C>T	0.0	Conflicting_classifications_of_pathogenicity	missense	criteria_provided,_conflicting_classifications
TP53		NC_000017.11:g.7676167C>A	0.0	Pathogenic/Likely_pathogenic	other	criteria_provided,_multiple_submitters,_no_conflicts
TP53		NC_000017.11:g.7676167C>G	0.0	Uncertain_significance	missense	criteria_provided,_multiple_submitters,_no_conflicts
TP53		NC_000017.11:g.7676170del	0.0	Pathogenic	frameshift	criteria_provided,_single_submitter
TP53		NC_000017.11:g.7676169_7676170del	0.0	Pathogenic	frameshift	criteria_provided,_single_submitter
TP53		NC_000017.11:g.7676169G>T	0.0	Uncertain_significance	missense	criteria_provided,_single_submitter
TP53		NC_000017.11:g.7676170G>A	0.0	Uncertain_significance	missense	criteria_provided,_single_submitter
TP53		NC_000017.11:g.7676170G>C	0.0	Uncertain_significance	missense	criteria_provided,_multiple_submitters,_no_conflicts
TP53		NC_000017.11:g.7676171C>T	0.0	Conflicting_classifications_of_pathogenicity	missense	criteria_provided,_conflicting_classifications
TP53		NC_000017.11:g.7676174dup	0.0	Pathogenic	frameshift	criteria_provided,_single_submitter
TP53		NC_000017.11:g.7676172A>C	0.0	Uncertain_significance	missense	criteria_provided,_single_submitter
TP53		NC_000017.11:g.7676172A>G	0.0	Uncertain_significance	missense	criteria_provided,_single_submitter
TP53		NC_000017.11:g.7676173T>C	0.0	Likely_benign	missense	criteria_provided,_single_submitter
TP53		NC_000017.11:g.7676175C>G	0.0	Uncertain_significance	missense	criteria_provided,_single_submitter
TP53		NC_000017.11:g.7676176T>A	0.0	Pathogenic	other	no_assertion_criteria_provided
TP53		NC_000017.11:g.7676176T>C	0.0	Conflicting_classifications_of_pathogenicity	missense	criteria_provided,_conflicting_classifications
TP53		NC_000017.11:g.7676178G>A	0.0	Uncertain_significance	missense	criteria_provided,_single_submitter
TP53		NC_000017.11:g.7676179G>A	0.0	Uncertain_significance	missense	criteria_provided,_multiple_submitters,_no_conflicts
TP53		NC_000017.11:g.7676179G>T	0.0	Uncertain_significance	missense	criteria_provided,_single_submitter
TP53		NC_000017.11:g.7676181G>A	0.0	Benign	missense	reviewed_by_expert_panel
TP53		NC_000017.11:g.7676181G>C	0.0	Likely_benign	missense	reviewed_by_expert_panel
TP53		NC_000017.11:g.7676182C>T	0.0	Likely_benign	missense	criteria_provided,_single_submitter
TP53		NC_000017.11:g.7676184T>C	0.0	Likely_benign	missense	criteria_provided,_single_submitter
TP53		NC_000017.11:g.7676184T>G	0.0	Uncertain_significance	missense	criteria_provided,_single_submitter
TP53		NC_000017.11:g.7676185C>A	0.0	Pathogenic	other	criteria_provided,_single_submitter
TP53		NC_000017.11:g.7676185C>T	0.0	Conflicting_classifications_of_pathogenicity	missense	criteria_provided,_conflicting_classifications
TP53		NC_000017.11:g.7676186A>T	0.0	Conflicting_classifications_of_pathogenicity	missense	criteria_provided,_conflicting_classifications
TP53		NC_000017.11:g.7676187del	0.0	Pathogenic	frameshift	criteria_provided,_single_submitter
TP53		NC_000017.11:g.7676187T>A	0.0	Conflicting_classifications_of_pathogenicity	missense	criteria_provided,_conflicting_classifications
TP53		NC_000017.11:g.7676187T>C	0.0	Conflicting_classifications_of_pathogenicity	missense	criteria_provided,_conflicting_classifications
TP53		NC_000017.11:g.7676188C>A	0.0	Uncertain_significance	missense	criteria_provided,_single_submitter
TP53		NC_000017.11:g.7676190G>A	0.0	Conflicting_classifications_of_pathogenicity	missense	criteria_provided,_conflicting_classifications
TP53		NC_000017.11:g.7676194del	0.0	Pathogenic	frameshift	no_assertion_criteria_provided
TP53		NC_000017.11:g.7676193C>G	0.0	Uncertain_significance	missense	criteria_provided,_single_submitter
TP53		NC_000017.11:g.7676193C>T	0.0	Likely_benign	missense	criteria_provided,_single_submitter
TP53		NC_000017.11:g.7676194C>A	0.0	Uncertain_significance	missense	criteria_provided,_single_submitter
TP53		NC_000017.11:g.7676194C>G	0.0	Uncertain_significance	missense	criteria_provided,_single_submitter
TP53		NC_000017.11:g.7676194C>T	0.0	Uncertain_significance	missense	criteria_provided,_single_submitter
TP53		NC_000017.11:g.7676198del	0.0	Pathogenic	frameshift	criteria_provided,_multiple_submitters,_no_conflicts
TP53		NC_000017.11:g.7676196G>C	0.0	Conflicting_classifications_of_pathogenicity	missense	criteria_provided,_conflicting_classifications
TP53		NC_000017.11:g.7676197G>C	0.0	Likely_benign	missense	criteria_provided,_single_submitter
TP53		NC_000017.11:g.7676197G>T	0.0	Conflicting_classifications_of_pathogenicity	missense	criteria_provided,_conflicting_classifications
TP53		NC_000017.11:g.7676198G>T	0.0	Conflicting_classifications_of_pathogenicity	missense	criteria_provided,_conflicting_classifications
TP53		NC_000017.11:g.7676199T>A	0.0	Likely_benign	missense	criteria_provided,_single_submitter
TP53		NC_000017.11:g.7676199T>C	0.0	Uncertain_significance	missense	criteria_provided,_single_submitter
TP53		NC_000017.11:g.7676199T>G	0.0	Uncertain_significance	missense	criteria_provided,_multiple_submitters,_no_conflicts
TP53		NC_000017.11:g.7676202del	0.0	Pathogenic	frameshift	criteria_provided,_single_submitter
TP53		NC_000017.11:g.7676202T>C	0.0	Uncertain_significance	missense	criteria_provided,_single_submitter
TP53		NC_000017.11:g.7676203C>A	0.0	Likely_pathogenic	other	criteria_provided,_single_submitter
TP53		NC_000017.11:g.7676203C>T	0.0	Uncertain_significance	missense	criteria_provided,_single_submitter
TP53		NC_000017.11:g.7676207_7676216del	0.0	Pathogenic	frameshift	criteria_provided,_single_submitter
TP53		NC_000017.11:g.7676205G>C	0.0	Uncertain_significance	missense	criteria_provided,_single_submitter
TP53		NC_000017.11:g.7676208_7676215del	0.0	Likely_pathogenic	frameshift	criteria_provided,_single_submitter
TP53		NC_000017.11:g.7676206T>G	0.0	Uncertain_significance	missense	criteria_provided,_single_submitter
TP53		NC_000017.11:g.7676207del	0.0	Pathogenic	frameshift	criteria_provided,_single_submitter
TP53		NC_000017.11:g.7676206_7676211delinsAT	0.0	Pathogenic	frameshift	criteria_provided,_single_submitter
TP53		NC_000017.11:g.7676211dup	0.0	Pathogenic	frameshift	criteria_provided,_single_submitter
TP53		NC_000017.11:g.7676209A>G	0.0	Conflicting_classifications_of_pathogenicity	missense	criteria_provided,_conflicting_classifications
TP53		NC_000017.11:g.7676211_7676213dup	0.0	Pathogenic	other	criteria_provided,_single_submitter
TP53		NC_000017.11:g.7676211_7676214dup	0.0	Pathogenic	other	no_assertion_criteria_provided
TP53		NC_000017.11:g.7676210C>T	0.0	Pathogenic	other	criteria_provided,_multiple_submitters,_no_conflicts
TP53		NC_000017.11:g.7676211C>A	0.0	Conflicting_classifications_of_pathogenicity	missense	criteria_provided,_conflicting_classifications
TP53		NC_000017.11:g.7676212_7676214dup	0.0	Pathogenic	other	criteria_provided,_single_submitter
TP53		NC_000017.11:g.7676211C>T	0.0	Pathogenic	other	criteria_provided,_multiple_submitters,_no_conflicts
TP53		NC_000017.11:g.7676214dup	0.0	Pathogenic	frameshift	criteria_provided,_single_submitter
TP53		NC_000017.11:g.7676212A>G	0.0	Uncertain_significance	missense	criteria_provided,_multiple_submitters,_no_conflicts
TP53		NC_000017.11:g.7676212A>T	0.0	Uncertain_significance	missense	criteria_provided,_single_submitter
TP53		NC_000017.11:g.7676213_7676214del	0.0	Pathogenic	frameshift	criteria_provided,_single_submitter
TP53		NC_000017.11:g.7676214T>C	0.0	Uncertain_significance	missense	criteria_provided,_multiple_submitters,_no_conflicts
TP53		NC_000017.11:g.7676215G>A	0.0	Pathogenic	other	criteria_provided,_multiple_submitters,_no_conflicts
TP53		NC_000017.11:g.7676217dup	0.0	Pathogenic	frameshift	no_assertion_criteria_provided
TP53		NC_000017.11:g.7676217_7676239dup	0.0	Pathogenic	frameshift	criteria_provided,_single_submitter
TP53		NC_000017.11:g.7676217_7676227dup	0.0	Pathogenic	frameshift	criteria_provided,_single_submitter
TP53		NC_000017.11:g.7676217T>C	0.0	Uncertain_significance	missense	criteria_provided,_single_submitter
TP53		NC_000017.11:g.7676218C>A	0.0	Pathogenic	other	criteria_provided,_single_submitter
TP53		NC_000017.11:g.7676218C>T	0.0	Uncertain_significance	missense	criteria_provided,_single_submitter
TP53		NC_000017.11:g.7676221dup	0.0	Pathogenic	frameshift	criteria_provided,_multiple_submitters,_no_conflicts
TP53		NC_000017.11:g.7676220A>G	0.0	Likely_benign	missense	reviewed_by_expert_panel
TP53		NC_000017.11:g.7676220A>T	0.0	Uncertain_significance	missense	criteria_provided,_multiple_submitters,_no_conflicts
TP53		NC_000017.11:g.7676221T>G	0.0	Uncertain_significance	missense	criteria_provided,_single_submitter
TP53		NC_000017.11:g.7676222A>C	0.0	Conflicting_classifications_of_pathogenicity	missense	criteria_provided,_conflicting_classifications
TP53		NC_000017.11:g.7676222A>T	0.0	Uncertain_significance	missense	criteria_provided,_single_submitter
TP53		NC_000017.11:g.7676223T>C	0.0	Conflicting_classifications_of_pathogenicity	missense	criteria_provided,_conflicting_classifications
TP53		NC_000017.11:g.7676224C>G	0.0	Benign	missense	reviewed_by_expert_panel
TP53		NC_000017.11:g.7676224C>T	0.0	Benign	missense	reviewed_by_expert_panel
TP53		NC_000017.11:g.7676225G>T	0.0	Likely_benign	missense	reviewed_by_expert_panel
TP53		NC_000017.11:g.7676228_7676240del	0.0	Likely_pathogenic	frameshift	criteria_provided,_single_submitter
TP53		NC_000017.11:g.7676226T>C	0.0	Likely_benign	missense	reviewed_by_expert_panel
TP53		NC_000017.11:g.7676232dup	0.0	Pathogenic	frameshift	criteria_provided,_multiple_submitters,_no_conflicts
TP53		NC_000017.11:g.7676232del	0.0	Pathogenic	frameshift	criteria_provided,_multiple_submitters,_no_conflicts
TP53		NC_000017.11:g.7676229G>C	0.0	Conflicting_classifications_of_pathogenicity	missense	criteria_provided,_conflicting_classifications
TP53		NC_000017.11:g.7676230G>A	0.0	Benign	missense	reviewed_by_expert_panel
TP53		NC_000017.11:g.7676230G>C	0.0	Uncertain_significance	missense	criteria_provided,_multiple_submitters,_no_conflicts
TP53		NC_000017.11:g.7676230G>T	0.0	Conflicting_classifications_of_pathogenicity	missense	criteria_provided,_conflicting_classifications
TP53		NC_000017.11:g.7676232delinsAC	0.0	Pathogenic	frameshift	criteria_provided,_single_submitter
TP53		NC_000017.11:g.7676232G>T	0.0	Uncertain_significance	missense	criteria_provided,_single_submitter
TP53		NC_000017.11:g.7676233A>G	0.0	Uncertain_significance	missense	criteria_provided,_single_submitter
TP53		NC_000017.11:g.7676235A>G	0.0	Uncertain_significance	missense	criteria_provided,_multiple_submitters,_no_conflicts
TP53		NC_000017.11:g.7676236G>C	0.0	Conflicting_classifications_of_pathogenicity	missense	criteria_provided,_conflicting_classifications
TP53		NC_000017.11:g.7676237_7676245del	0.0	Pathogenic	other	criteria_provided,_single_submitter
TP53		NC_000017.11:g.7676237C>T	0.0	Conflicting_classifications_of_pathogenicity	missense	criteria_provided,_conflicting_classifications
TP53		NC_000017.11:g.7676238A>C	0.0	Uncertain_significance	missense	criteria_provided,_single_submitter
TP53		NC_000017.11:g.7676238A>G	0.0	Uncertain_significance	missense	criteria_provided,_single_submitter
TP53		NC_000017.11:g.7676238A>T	0.0	Uncertain_significance	missense	criteria_provided,_single_submitter
TP53		NC_000017.11:g.7676239T>C	0.0	Conflicting_classifications_of_pathogenicity	missense	criteria_provided,_conflicting_classifications
TP53		NC_000017.11:g.7676239T>G	0.0	Uncertain_significance	missense	criteria_provided,_single_submitter
TP53		NC_000017.11:g.7676240_7676278del	0.0	Likely_pathogenic	splice_acceptor	criteria_provided,_single_submitter
TP53		NC_000017.11:g.7676240C>A	0.0	Uncertain_significance	missense	criteria_provided,_single_submitter
TP53		NC_000017.11:g.7676240C>G	0.0	Conflicting_classifications_of_pathogenicity	missense	criteria_provided,_conflicting_classifications
TP53		NC_000017.11:g.7676243del	0.0	Pathogenic	other	criteria_provided,_multiple_submitters,_no_conflicts
TP53		NC_000017.11:g.7676241A>T	0.0	Likely_pathogenic	other	criteria_provided,_single_submitter
TP53		NC_000017.11:g.7676242A>C	0.0	Uncertain_significance	missense	criteria_provided,_multiple_submitters,_no_conflicts
TP53		NC_000017.11:g.7676242A>T	0.0	Uncertain_significance	missense	criteria_provided,_single_submitter
TP53		NC_000017.11:g.7676244T>C	0.0	Conflicting_classifications_of_pathogenicity	missense	criteria_provided,_conflicting_classifications
TP53		NC_000017.11:g.7676248_7676251dup	0.0	Pathogenic	other	criteria_provided,_single_submitter
TP53		NC_000017.11:g.7676246_7676261del	0.0	Pathogenic	frameshift	criteria_provided,_single_submitter
TP53		NC_000017.11:g.7676245C>T	0.0	Conflicting_classifications_of_pathogenicity	missense	criteria_provided,_conflicting_classifications
TP53		NC_000017.11:g.7676247T>C	0.0	Conflicting_classifications_of_pathogenicity	missense	criteria_provided,_conflicting_classifications
TP53		NC_000017.11:g.7676249del	0.0	Pathogenic	frameshift	criteria_provided,_single_submitter
TP53		NC_000017.11:g.7676248C>T	0.0	Conflicting_classifications_of_pathogenicity	missense	criteria_provided,_conflicting_classifications
TP53		NC_000017.11:g.7676250dup	0.0	Pathogenic	frameshift	criteria_provided,_single_submitter
TP53		NC_000017.11:g.7676250del	0.0	Pathogenic	frameshift	criteria_provided,_single_submitter
TP53		NC_000017.11:g.7676250A>G	0.0	Conflicting_classifications_of_pathogenicity	missense	criteria_provided,_conflicting_classifications
TP53		NC_000017.11:g.7676251T>C	0.0	Conflicting_classifications_of_pathogenicity	missense	criteria_provided,_conflicting_classifications
TP53		NC_000017.11:g.7676252_7676253del	0.0	Likely_pathogenic	frameshift	no_assertion_criteria_provided
TP53		NC_000017.11:g.7676253G>A	0.0	Conflicting_classifications_of_pathogenicity	missense	criteria_provided,_conflicting_classifications
TP53		NC_000017.11:g.7676254C>A	0.0	Uncertain_significance	missense	criteria_provided,_single_submitter
TP53		NC_000017.11:g.7676254C>T	0.0	Uncertain_significance	missense	criteria_provided,_single_submitter
TP53		NC_000017.11:g.7676256T>C	0.0	Uncertain_significance	missense	criteria_provided,_single_submitter
TP53		NC_000017.11:g.7676256T>G	0.0	Uncertain_significance	missense	criteria_provided,_single_submitter
TP53		NC_000017.11:g.7676259del	0.0	Pathogenic	frameshift	criteria_provided,_single_submitter
TP53		NC_000017.11:g.7676257G>A	0.0	Pathogenic	utr	criteria_provided,_multiple_submitters,_no_conflicts
TP53		NC_000017.11:g.7676259G>A	0.0	Conflicting_classifications_of_pathogenicity	missense	criteria_provided,_conflicting_classifications
TP53		NC_000017.11:g.7676259G>C	0.0	Uncertain_significance	missense	criteria_provided,_multiple_submitters,_no_conflicts
TP53		NC_000017.11:g.7676262G>A	0.0	Conflicting_classifications_of_pathogenicity	missense	criteria_provided,_conflicting_classifications
TP53		NC_000017.11:g.7676262G>T	0.0	Benign	missense	reviewed_by_expert_panel
TP53		NC_000017.11:g.7676263G>A	0.0	Uncertain_significance	missense	criteria_provided,_multiple_submitters,_no_conflicts
TP53		NC_000017.11:g.7676264del	0.0	Pathogenic	frameshift	criteria_provided,_single_submitter
TP53		NC_000017.11:g.7676264C>A	0.0	Uncertain_significance	missense	reviewed_by_expert_panel
TP53		NC_000017.11:g.7676264C>G	0.0	Likely_benign	missense	reviewed_by_expert_panel
TP53		NC_000017.11:g.7676266del	0.0	Pathogenic	frameshift	criteria_provided,_single_submitter
TP53		NC_000017.11:g.7676266_7676277del	0.0	Pathogenic	splice_acceptor	criteria_provided,_single_submitter
TP53		NC_000017.11:g.7676271dup	0.0	Pathogenic	frameshift	criteria_provided,_multiple_submitters,_no_conflicts
TP53		NC_000017.11:g.7676267_7676273dup	0.0	Pathogenic/Likely_pathogenic	splice_acceptor	criteria_provided,_multiple_submitters,_no_conflicts
TP53		NC_000017.11:g.7676266A>T	0.0	Conflicting_classifications_of_pathogenicity	missense	criteria_provided,_conflicting_classifications
TP53		NC_000017.11:g.7676271del	0.0	Pathogenic/Likely_pathogenic	frameshift	criteria_provided,_multiple_submitters,_no_conflicts
TP53		NC_000017.11:g.7676270_7676271del	0.0	Pathogenic	frameshift	criteria_provided,_single_submitter
TP53		NC_000017.11:g.7676268G>A	0.0	Uncertain_significance	missense	criteria_provided,_multiple_submitters,_no_conflicts
TP53		NC_000017.11:g.7676268G>C	0.0	Conflicting_classifications_of_pathogenicity	missense	criteria_provided,_conflicting_classifications
TP53		NC_000017.11:g.7676269G>A	0.0	Conflicting_classifications_of_pathogenicity	missense	criteria_provided,_conflicting_classifications
TP53		NC_000017.11:g.7676269G>C	0.0	Conflicting_classifications_of_pathogenicity	missense	criteria_provided,_conflicting_classifications
TP53		NC_000017.11:g.7676269G>T	0.0	Conflicting_classifications_of_pathogenicity	missense	criteria_provided,_conflicting_classifications
TP53		NC_000017.11:g.7676270_7676272del	0.0	Uncertain_significance	utr	criteria_provided,_single_submitter
TP53		NC_000017.11:g.7676273_7676279del	0.0	Likely_pathogenic	splice_acceptor	criteria_provided,_single_submitter
TP53		NC_000017.11:g.7676271G>A	0.0	Conflicting_classifications_of_pathogenicity	missense	criteria_provided,_conflicting_classifications
TP53		NC_000017.11:g.7676272dup	0.0	Pathogenic	frameshift	criteria_provided,_single_submitter
TP53		NC_000017.11:g.7676271G>T	0.0	Conflicting_classifications_of_pathogenicity	missense	criteria_provided,_conflicting_classifications
TP53		NC_000017.11:g.7676272A>T	0.0	Uncertain_significance	missense	criteria_provided,_single_submitter
TP53		NC_000017.11:g.7676273C>A	0.0	Pathogenic/Likely_pathogenic	splice_acceptor	criteria_provided,_multiple_submitters,_no_conflicts
TP53		NC_000017.11:g.7676273C>T	0.0	Pathogenic	splice_acceptor	reviewed_by_expert_panel
TP53		NC_000017.11:g.7676274del	0.0	Pathogenic	splice_acceptor	criteria_provided,_single_submitter
TP53		NC_000017.11:g.7676274T>C	0.0	Pathogenic/Likely_pathogenic	splice_acceptor	criteria_provided,_multiple_submitters,_no_conflicts
TP53		NC_000017.11:g.7676274T>G	0.0	Pathogenic	splice_acceptor	criteria_provided,_single_submitter
TP53		NC_000017.11:g.7676275G>A	0.0	Benign	intronic	reviewed_by_expert_panel
TP53		NC_000017.11:g.7676275G>C	0.0	Uncertain_significance	intronic	criteria_provided,_single_submitter
TP53		NC_000017.11:g.7676276T>A	0.0	Likely_benign	intronic	criteria_provided,_multiple_submitters,_no_conflicts
TP53		NC_000017.11:g.7676276T>C	0.0	Likely_benign	intronic	criteria_provided,_multiple_submitters,_no_conflicts
TP53		NC_000017.11:g.7676277A>C	0.0	Uncertain_significance	intronic	criteria_provided,_single_submitter
TP53		NC_000017.11:g.7676277A>G	0.0	Uncertain_significance	intronic	criteria_provided,_single_submitter
TP53		NC_000017.11:g.7676278G>A	0.0	Benign/Likely_benign	intronic	criteria_provided,_multiple_submitters,_no_conflicts
TP53		NC_000017.11:g.7676279A>G	0.0	Likely_benign	intronic	criteria_provided,_multiple_submitters,_no_conflicts
TP53		NC_000017.11:g.7676280T>A	0.0	Likely_benign	intronic	criteria_provided,_single_submitter
TP53		NC_000017.11:g.7676283dup	0.0	Likely_benign	intronic	criteria_provided,_single_submitter
TP53		NC_000017.11:g.7676282_7676290del	0.0	Uncertain_significance	intronic	criteria_provided,_single_submitter
TP53		NC_000017.11:g.7676281G>A	0.0	Benign/Likely_benign	intronic	criteria_provided,_multiple_submitters,_no_conflicts
TP53		NC_000017.11:g.7676282G>A	0.0	Likely_benign	intronic	criteria_provided,_single_submitter
TP53		NC_000017.11:g.7676284_7676285del	0.0	Likely_benign	intronic	criteria_provided,_single_submitter
TP53		NC_000017.11:g.7676283G>A	0.0	Likely_benign	intronic	criteria_provided,_multiple_submitters,_no_conflicts
TP53		NC_000017.11:g.7676283G>C	0.0	Pathogenic/Likely_pathogenic	intronic	criteria_provided,_multiple_submitters,_no_conflicts
TP53		NC_000017.11:g.7676283G>T	0.0	Likely_benign	intronic	criteria_provided,_multiple_submitters,_no_conflicts
TP53		NC_000017.11:g.7676285G>A	0.0	Likely_benign	intronic	criteria_provided,_single_submitter
TP53		NC_000017.11:g.7676286A>G	0.0	Likely_benign	intronic	criteria_provided,_single_submitter
TP53		NC_000017.11:g.7676287A>C	0.0	Likely_benign	intronic	criteria_provided,_single_submitter
TP53		NC_000017.11:g.7676287A>G	0.0	Likely_benign	intronic	criteria_provided,_multiple_submitters,_no_conflicts
TP53		NC_000017.11:g.7676289A>G	0.0	Likely_benign	intronic	criteria_provided,_multiple_submitters,_no_conflicts
TP53		NC_000017.11:g.7676291A>G	0.0	Likely_benign	intronic	criteria_provided,_multiple_submitters,_no_conflicts
TP53		NC_000017.11:g.7676291A>T	0.0	Likely_benign	intronic	criteria_provided,_single_submitter
TP53		NC_000017.11:g.7676292G>A	0.0	Likely_benign	intronic	criteria_provided,_single_submitter
TP53		NC_000017.11:g.7676292G>C	0.0	Likely_benign	intronic	criteria_provided,_single_submitter
TP53		NC_000017.11:g.7676300A>T	0.0	Likely_benign	intronic	criteria_provided,_multiple_submitters,_no_conflicts
TP53		NC_000017.11:g.7676301G>T	0.0	Benign	intronic	criteria_provided,_multiple_submitters,_no_conflicts
TP53		NC_000017.11:g.7676316C>T	0.0	Likely_benign	intronic	criteria_provided,_single_submitter
TP53		NC_000017.11:g.7676324C>T	0.0	Uncertain_significance	intronic	criteria_provided,_single_submitter
TP53		NC_000017.11:g.7676329_7676345del	0.0	Likely_benign	intronic	criteria_provided,_single_submitter
TP53		NC_000017.11:g.7676335TCCAGGTCCCCAGCCC[3]	0.0	Likely_benign	intronic	no_assertion_criteria_provided
TP53		NC_000017.11:g.7676335TCCAGGTCCCCAGCCC[1]	0.0	Benign	intronic	criteria_provided,_multiple_submitters,_no_conflicts
TP53		NC_000017.11:g.7676335_7676366del	0.0	Likely_benign	intronic	criteria_provided,_single_submitter
TP53		NC_000017.11:g.7676332_7676355del	0.0	Likely_benign	intronic	criteria_provided,_single_submitter
TP53		NC_000017.11:g.7676333_7676346del	0.0	Likely_benign	intronic	criteria_provided,_single_submitter
TP53		NC_000017.11:g.7676335_7676342del	0.0	Likely_benign	intronic	criteria_provided,_single_submitter
TP53		NC_000017.11:g.7676338_7676343del	0.0	Likely_benign	intronic	criteria_provided,_single_submitter
TP53		NC_000017.11:g.7676338_7676342del	0.0	Likely_benign	intronic	criteria_provided,_single_submitter
TP53		NC_000017.11:g.7676341T>C	0.0	Likely_benign	intronic	criteria_provided,_single_submitter
TP53		NC_000017.11:g.7676344_7676360delinsT	0.0	Likely_benign	intronic	criteria_provided,_single_submitter
TP53		NC_000017.11:g.7676351_7676360del	0.0	Likely_benign	intronic	criteria_provided,_single_submitter
TP53		NC_000017.11:g.7676351del	0.0	Likely_benign	intronic	criteria_provided,_single_submitter
TP53		NC_000017.11:g.7676351_7676354del	0.0	Likely_benign	intronic	criteria_provided,_single_submitter
TP53		NC_000017.11:g.7676351_7676367del	0.0	Benign/Likely_benign	intronic	criteria_provided,_multiple_submitters,_no_conflicts
TP53		NC_000017.11:g.7676355_7676367del	0.0	Likely_benign	intronic	criteria_provided,_single_submitter
TP53		NC_000017.11:g.7676351_7676367delinsG	0.0	Likely_benign	intronic	criteria_provided,_multiple_submitters,_no_conflicts
TP53		NC_000017.11:g.7676352_7676367del	0.0	Benign	intronic	criteria_provided,_single_submitter
TP53		NC_000017.11:g.7676356_7676367del	0.0	Benign	intronic	criteria_provided,_single_submitter
TP53		NC_000017.11:g.7676366del	0.0	Benign	intronic	criteria_provided,_single_submitter
TP53		NC_000017.11:g.7676365C>A	0.0	Likely_benign	intronic	criteria_provided,_single_submitter
TP53		NC_000017.11:g.7676365C>T	0.0	Likely_benign	intronic	criteria_provided,_single_submitter
TP53		NC_000017.11:g.7676367A>G	0.0	Conflicting_classifications_of_pathogenicity	intronic	criteria_provided,_conflicting_classifications
TP53		NC_000017.11:g.7676368A>G	0.0	Likely_benign	intronic	no_assertion_criteria_provided
TP53		NC_000017.11:g.7676369C>A	0.0	Uncertain_significance	intronic	criteria_provided,_single_submitter
TP53		NC_000017.11:g.7676369C>G	0.0	Likely_benign	intronic	criteria_provided,_single_submitter
TP53		NC_000017.11:g.7676370C>G	0.0	Conflicting_classifications_of_pathogenicity	intronic	criteria_provided,_conflicting_classifications
TP53		NC_000017.11:g.7676370C>T	0.0	Likely_benign	intronic	criteria_provided,_single_submitter
TP53		NC_000017.11:g.7676371C>G	0.0	Likely_benign	intronic	criteria_provided,_single_submitter
TP53		NC_000017.11:g.7676371C>T	0.0	Likely_benign	intronic	criteria_provided,_single_submitter
TP53		NC_000017.11:g.7676372T>C	0.0	Likely_benign	intronic	criteria_provided,_single_submitter
TP53		NC_000017.11:g.7676373T>C	0.0	Likely_benign	intronic	criteria_provided,_single_submitter
TP53		NC_000017.11:g.7676374G>A	0.0	Likely_benign	intronic	criteria_provided,_single_submitter
TP53		NC_000017.11:g.7676374G>C	0.0	Likely_benign	intronic	criteria_provided,_multiple_submitters,_no_conflicts
TP53		NC_000017.11:g.7676375T>C	0.0	Likely_benign	intronic	criteria_provided,_single_submitter
TP53		NC_000017.11:g.7676376C>T	0.0	Uncertain_significance	intronic	criteria_provided,_single_submitter
TP53		NC_000017.11:g.7676377C>G	0.0	Uncertain_significance	intronic	criteria_provided,_multiple_submitters,_no_conflicts
TP53		NC_000017.11:g.7676377C>T	0.0	Uncertain_significance	intronic	criteria_provided,_single_submitter
TP53		NC_000017.11:g.7676380_7676394del	0.0	Pathogenic	splice_donor	criteria_provided,_single_submitter
TP53		NC_000017.11:g.7676378T>C	0.0	Uncertain_significance	intronic	criteria_provided,_single_submitter
TP53		NC_000017.11:g.7676380dup	0.0	Likely_pathogenic	splice_donor	criteria_provided,_single_submitter
TP53		NC_000017.11:g.7676381_7676390dup	0.0	Likely_pathogenic	splice_donor	criteria_provided,_single_submitter
TP53		NC_000017.11:g.7676380A>C	0.0	Likely_pathogenic	splice_donor	criteria_provided,_single_submitter
TP53		NC_000017.11:g.7676380A>T	0.0	Pathogenic	splice_donor	criteria_provided,_single_submitter
TP53		NC_000017.11:g.7676382del	0.0	Likely_pathogenic	splice_donor	criteria_provided,_single_submitter
TP53		NC_000017.11:g.7676381C>A	0.0	Pathogenic/Likely_pathogenic	splice_donor	criteria_provided,_multiple_submitters,_no_conflicts
TP53		NC_000017.11:g.7676381C>G	0.0	Pathogenic/Likely_pathogenic	splice_donor	criteria_provided,_multiple_submitters,_no_conflicts
TP53		NC_000017.11:g.7676381C>T	0.0	Pathogenic/Likely_pathogenic	splice_donor	criteria_provided,_multiple_submitters,_no_conflicts
TP53		NC_000017.11:g.7676385_7676402dup	0.0	Uncertain_significance	utr	criteria_provided,_single_submitter
TP53		NC_000017.11:g.7676383del	0.0	Pathogenic	frameshift	criteria_provided,_multiple_submitters,_no_conflicts
TP53		NC_000017.11:g.7676384G>C	0.0	Likely_benign	missense	criteria_provided,_single_submitter
TP53		NC_000017.11:g.7676386del	0.0	Pathogenic	frameshift	criteria_provided,_single_submitter
TP53		NC_000017.11:g.7676387dup	0.0	Pathogenic	frameshift	criteria_provided,_single_submitter
TP53		NC_000017.11:g.7676387C>A	0.0	Uncertain_significance	missense	criteria_provided,_multiple_submitters,_no_conflicts
TP53		NC_000017.11:g.7676387_7676388insT	0.0	Pathogenic	frameshift	criteria_provided,_single_submitter
TP53		NC_000017.11:g.7676387C>T	0.0	Conflicting_classifications_of_pathogenicity	missense	criteria_provided,_conflicting_classifications
TP53		NC_000017.11:g.7676388del	0.0	Pathogenic	frameshift	criteria_provided,_single_submitter
TP53		NC_000017.11:g.7676388GTT[1]	0.0	Likely_benign	utr	reviewed_by_expert_panel
TP53		NC_000017.11:g.7676390del	0.0	Pathogenic	frameshift	criteria_provided,_single_submitter
TP53		NC_000017.11:g.7676389T>A	0.0	Uncertain_significance	missense	criteria_provided,_single_submitter
TP53		NC_000017.11:g.7676390T>C	0.0	Uncertain_significance	missense	criteria_provided,_single_submitter
TP53		NC_000017.11:g.7676391G>C	0.0	Uncertain_significance	missense	criteria_provided,_multiple_submitters,_no_conflicts
TP53		NC_000017.11:g.7676391_7676392delinsA	0.0	Pathogenic	frameshift	criteria_provided,_single_submitter
TP53		NC_000017.11:g.7676395del	0.0	Pathogenic	frameshift	criteria_provided,_multiple_submitters,_no_conflicts
TP53		NC_000017.11:g.7676392T>G	0.0	Uncertain_significance	missense	criteria_provided,_multiple_submitters,_no_conflicts
TP53		NC_000017.11:g.7676393T>C	0.0	Likely_benign	missense	criteria_provided,_single_submitter
TP53		NC_000017.11:g.7676395T>A	0.0	Conflicting_classifications_of_pathogenicity	missense	criteria_provided,_conflicting_classifications
TP53		NC_000017.11:g.7676396C>T	0.0	Uncertain_significance	missense	criteria_provided,_single_submitter
TP53		NC_000017.11:g.7676396_7676410delinsT	0.0	Likely_pathogenic	splice_acceptor	criteria_provided,_single_submitter
TP53		NC_000017.11:g.7676399del	0.0	Pathogenic	frameshift	criteria_provided,_multiple_submitters,_no_conflicts
TP53		NC_000017.11:g.7676398G>A	0.0	Uncertain_significance	missense	criteria_provided,_multiple_submitters,_no_conflicts
TP53		NC_000017.11:g.7676398G>C	0.0	Uncertain_significance	missense	criteria_provided,_single_submitter
TP53		NC_000017.11:g.7676398_7676401delinsACGTTCTT	0.0	Pathogenic	frameshift	criteria_provided,_single_submitter
TP53		NC_000017.11:g.7676399G>A	0.0	Uncertain_significance	missense	criteria_provided,_multiple_submitters,_no_conflicts
TP53		NC_000017.11:g.7676399G>C	0.0	Conflicting_classifications_of_pathogenicity	missense	criteria_provided,_conflicting_classifications
TP53		NC_000017.11:g.7676399G>T	0.0	Conflicting_classifications_of_pathogenicity	missense	criteria_provided,_conflicting_classifications
TP53		NC_000017.11:g.7676401del	0.0	Pathogenic	frameshift	criteria_provided,_single_submitter
TP53		NC_000017.11:g.7676402G>T	0.0	Uncertain_significance	missense	criteria_provided,_single_submitter
TP53		NC_000017.11:g.7676404C>T	0.0	Likely_pathogenic	splice_acceptor	criteria_provided,_single_submitter
TP53		NC_000017.11:g.7676405T>C	0.0	Likely_pathogenic	splice_acceptor	criteria_provided,_multiple_submitters,_no_conflicts
TP53		NC_000017.11:g.7676406G>A	0.0	Uncertain_significance	intronic	criteria_provided,_single_submitter
TP53		NC_000017.11:g.7676411del	0.0	Uncertain_significance	intronic	criteria_provided,_single_submitter
TP53		NC_000017.11:g.7676411A>G	0.0	Conflicting_classifications_of_pathogenicity	intronic	criteria_provided,_conflicting_classifications
TP53		NC_000017.11:g.7676413A>G	0.0	Likely_benign	intronic	criteria_provided,_multiple_submitters,_no_conflicts
TP53		NC_000017.11:g.7676414A>G	0.0	Likely_benign	intronic	criteria_provided,_multiple_submitters,_no_conflicts
TP53		NC_000017.11:g.7676415G>T	0.0	Likely_benign	intronic	criteria_provided,_single_submitter
TP53		NC_000017.11:g.7676417G>A	0.0	Likely_benign	intronic	criteria_provided,_multiple_submitters,_no_conflicts
TP53		NC_000017.11:g.7676418C>T	0.0	Likely_benign	intronic	criteria_provided,_single_submitter
TP53		NC_000017.11:g.7676419A>C	0.0	Likely_benign	intronic	criteria_provided,_single_submitter
TP53		NC_000017.11:g.7676419A>G	0.0	Likely_benign	intronic	criteria_provided,_single_submitter
TP53		NC_000017.11:g.7676420G>T	0.0	Likely_benign	intronic	criteria_provided,_multiple_submitters,_no_conflicts
TP53		NC_000017.11:g.7676421A>C	0.0	Benign/Likely_benign	intronic	criteria_provided,_multiple_submitters,_no_conflicts
TP53		NC_000017.11:g.7676421A>G	0.0	Likely_benign	intronic	criteria_provided,_single_submitter
TP53		NC_000017.11:g.7676422A>T	0.0	Likely_benign	intronic	criteria_provided,_multiple_submitters,_no_conflicts
TP53		NC_000017.11:g.7676423AGTC[1]	0.0	Benign	intronic	criteria_provided,_single_submitter
TP53		NC_000017.11:g.7676423A>G	0.0	Likely_benign	intronic	criteria_provided,_single_submitter
TP53		NC_000017.11:g.7676430C>T	0.0	Likely_benign	intronic	criteria_provided,_single_submitter
TP53		NC_000017.11:g.7676433A>G	0.0	Likely_benign	intronic	criteria_provided,_single_submitter
TP53		NC_000017.11:g.7676434T>C	0.0	Likely_benign	intronic	criteria_provided,_single_submitter
TP53		NC_000017.11:g.7676435G>A	0.0	Likely_benign	intronic	criteria_provided,_single_submitter
TP53		NC_000017.11:g.7676443C>T	0.0	Likely_benign	intronic	criteria_provided,_multiple_submitters,_no_conflicts
TP53		NC_000017.11:g.7676444G>A	0.0	Likely_benign	intronic	criteria_provided,_multiple_submitters,_no_conflicts
TP53		NC_000017.11:g.7676445C>A	0.0	Likely_benign	intronic	criteria_provided,_single_submitter
TP53		NC_000017.11:g.7676446T>G	0.0	Likely_benign	intronic	criteria_provided,_single_submitter
TP53		NC_000017.11:g.7676450C>T	0.0	Likely_benign	intronic	criteria_provided,_single_submitter
TP53		NC_000017.11:g.7676452C>A	0.0	Likely_benign	intronic	criteria_provided,_single_submitter
TP53		NC_000017.11:g.7676453A>G	0.0	Likely_benign	intronic	criteria_provided,_single_submitter
TP53		NC_000017.11:g.7676457C>T	0.0	Likely_benign	intronic	criteria_provided,_single_submitter
TP53		NC_000017.11:g.7676459C>A	0.0	Likely_benign	intronic	criteria_provided,_single_submitter
TP53		NC_000017.11:g.7676462C>G	0.0	Likely_benign	intronic	criteria_provided,_single_submitter
TP53		NC_000017.11:g.7676462C>T	0.0	Uncertain_significance	intronic	criteria_provided,_single_submitter
TP53		NC_000017.11:g.7676464del	0.0	Likely_benign	intronic	criteria_provided,_single_submitter
TP53		NC_000017.11:g.7676470_7676487dup	0.0	Likely_benign	intronic	criteria_provided,_single_submitter
TP53		NC_000017.11:g.7676465G>C	0.0	Likely_benign	intronic	criteria_provided,_single_submitter
TP53		NC_000017.11:g.7676470_7676475dup	0.0	Likely_benign	intronic	criteria_provided,_multiple_submitters,_no_conflicts
TP53		NC_000017.11:g.7676467G>A	0.0	Likely_benign	intronic	criteria_provided,_single_submitter
TP53		NC_000017.11:g.7676473G>A	0.0	Likely_benign	intronic	criteria_provided,_single_submitter
TP53		NC_000017.11:g.7676475G>A	0.0	Likely_benign	intronic	criteria_provided,_single_submitter
TP53		NC_000017.11:g.7676475G>T	0.0	Likely_benign	intronic	criteria_provided,_single_submitter
TP53		NC_000017.11:g.7676477T>C	0.0	Likely_benign	intronic	criteria_provided,_single_submitter
TP53		NC_000017.11:g.7676480G>A	0.0	Likely_benign	intronic	criteria_provided,_single_submitter
TP53		NC_000017.11:g.7676482T>G	0.0	Likely_benign	intronic	criteria_provided,_single_submitter
TP53		NC_000017.11:g.7676483G>C	0.0	Benign	intronic	criteria_provided,_multiple_submitters,_no_conflicts
TP53		NC_000017.11:g.7676483G>T	0.0	Benign	intronic	criteria_provided,_multiple_submitters,_no_conflicts
TP53		NC_000017.11:g.7676483_7676484delinsCA	0.0	Likely_benign	intronic	criteria_provided,_single_submitter
TP53		NC_000017.11:g.7676484G>A	0.0	Likely_benign	intronic	criteria_provided,_single_submitter
TP53		NC_000017.11:g.7676486G>A	0.0	Likely_benign	intronic	criteria_provided,_single_submitter
TP53		NC_000017.11:g.7676487G>T	0.0	Likely_benign	intronic	criteria_provided,_single_submitter
TP53		NC_000017.11:g.7676489G>C	0.0	Likely_benign	intronic	criteria_provided,_single_submitter
TP53		NC_000017.11:g.7676491T>C	0.0	Likely_benign	intronic	criteria_provided,_single_submitter
TP53		NC_000017.11:g.7676492_7676494del	0.0	Likely_benign	intronic	criteria_provided,_single_submitter
TP53		NC_000017.11:g.7676493G>C	0.0	Likely_benign	intronic	criteria_provided,_single_submitter
TP53		NC_000017.11:g.7676494G>C	0.0	Likely_benign	intronic	criteria_provided,_single_submitter
TP53		NC_000017.11:g.7676497T>G	0.0	Likely_benign	intronic	criteria_provided,_single_submitter
TP53		NC_000017.11:g.7676498G>A	0.0	Likely_benign	intronic	criteria_provided,_single_submitter
TP53		NC_000017.11:g.7676499C>T	0.0	Likely_benign	intronic	criteria_provided,_single_submitter
TP53		NC_000017.11:g.7676501C>T	0.0	Likely_benign	intronic	criteria_provided,_single_submitter
TP53		NC_000017.11:g.7676504C>T	0.0	Likely_benign	intronic	criteria_provided,_single_submitter
TP53		NC_000017.11:g.7676505_7676506insT	0.0	Likely_benign	intronic	criteria_provided,_single_submitter
TP53		NC_000017.11:g.7676506A>C	0.0	Likely_benign	intronic	criteria_provided,_single_submitter
TP53		NC_000017.11:g.7676506A>G	0.0	Likely_benign	intronic	criteria_provided,_single_submitter
TP53		NC_000017.11:g.7676507A>G	0.0	Benign/Likely_benign	intronic	criteria_provided,_multiple_submitters,_no_conflicts
TP53		NC_000017.11:g.7676507A>T	0.0	Likely_benign	intronic	criteria_provided,_single_submitter
TP53		NC_000017.11:g.7676510del	0.0	Likely_benign	intronic	criteria_provided,_single_submitter
TP53		NC_000017.11:g.7676509G>A	0.0	Likely_benign	intronic	criteria_provided,_multiple_submitters,_no_conflicts
TP53		NC_000017.11:g.7676511A>C	0.0	Likely_benign	intronic	criteria_provided,_multiple_submitters,_no_conflicts
TP53		NC_000017.11:g.7676512T>C	0.0	Likely_benign	intronic	criteria_provided,_single_submitter
TP53		NC_000017.11:g.7676512T>G	0.0	Conflicting_classifications_of_pathogenicity	intronic	criteria_provided,_conflicting_classifications
TP53		NC_000017.11:g.7676513_7676514del	0.0	Likely_benign	intronic	criteria_provided,_single_submitter
TP53		NC_000017.11:g.7676513C>A	0.0	Likely_benign	intronic	criteria_provided,_single_submitter
TP53		NC_000017.11:g.7676513C>G	0.0	Likely_benign	intronic	criteria_provided,_single_submitter
TP53		NC_000017.11:g.7676513C>T	0.0	Likely_benign	intronic	criteria_provided,_multiple_submitters,_no_conflicts
TP53		NC_000017.11:g.7676514C>A	0.0	Likely_benign	intronic	criteria_provided,_multiple_submitters,_no_conflicts
TP53		NC_000017.11:g.7676514C>T	0.0	Likely_benign	intronic	criteria_provided,_single_submitter
TP53		NC_000017.11:g.7676518C>T	0.0	Conflicting_classifications_of_pathogenicity	intronic	criteria_provided,_conflicting_classifications
TP53		NC_000017.11:g.7676521A>C	0.0	Uncertain_significance	missense	criteria_provided,_single_submitter
TP53		NC_000017.11:g.7676525dup	0.0	Pathogenic	frameshift	criteria_provided,_single_submitter
TP53		NC_000017.11:g.7676525del	0.0	Pathogenic	frameshift	criteria_provided,_single_submitter
TP53		NC_000017.11:g.7676526C>T	0.0	Pathogenic	utr	criteria_provided,_single_submitter
TP53		NC_000017.11:g.7676532del	0.0	Pathogenic	frameshift	criteria_provided,_single_submitter
TP53		NC_000017.11:g.7676532G>C	0.0	Conflicting_classifications_of_pathogenicity	missense	criteria_provided,_conflicting_classifications
TP53		NC_000017.11:g.7676533T>G	0.0	Likely_benign	missense	criteria_provided,_single_submitter
TP53		NC_000017.11:g.7676534C>T	0.0	Uncertain_significance	missense	criteria_provided,_single_submitter
TP53		NC_000017.11:g.7676536G>A	0.0	Uncertain_significance	missense	criteria_provided,_multiple_submitters,_no_conflicts
TP53		NC_000017.11:g.7676540del	0.0	Pathogenic	frameshift	criteria_provided,_single_submitter
TP53		NC_000017.11:g.7676537A>G	0.0	Uncertain_significance	missense	criteria_provided,_multiple_submitters,_no_conflicts
TP53		NC_000017.11:g.7676545del	0.0	Pathogenic	frameshift	criteria_provided,_multiple_submitters,_no_conflicts
TP53		NC_000017.11:g.7676543T>A	0.0	Uncertain_significance	missense	criteria_provided,_single_submitter
TP53		NC_000017.11:g.7676547C>G	0.0	Uncertain_significance	missense	criteria_provided,_multiple_submitters,_no_conflicts
TP53		NC_000017.11:g.7676548T>C	0.0	Conflicting_classifications_of_pathogenicity	missense	criteria_provided,_conflicting_classifications
TP53		NC_000017.11:g.7676549G>T	0.0	Uncertain_significance	missense	reviewed_by_expert_panel
TP53		NC_000017.11:g.7676550del	0.0	Pathogenic	frameshift	criteria_provided,_multiple_submitters,_no_conflicts
TP53		NC_000017.11:g.7676552T>C	0.0	Uncertain_significance	missense	criteria_provided,_single_submitter
TP53		NC_000017.11:g.7676552T>G	0.0	Uncertain_significance	missense	criteria_provided,_single_submitter
TP53		NC_000017.11:g.7676554A>T	0.0	Conflicting_classifications_of_pathogenicity	missense	criteria_provided,_conflicting_classifications
TP53		NC_000017.11:g.7676555G>C	0.0	Uncertain_significance	missense	criteria_provided,_multiple_submitters,_no_conflicts
TP53		NC_000017.11:g.7676561dup	0.0	Pathogenic	frameshift	criteria_provided,_single_submitter
TP53		NC_000017.11:g.7676557G>A	0.0	Conflicting_classifications_of_pathogenicity	missense	criteria_provided,_conflicting_classifications
TP53		NC_000017.11:g.7676557G>C	0.0	Uncertain_significance	missense	criteria_provided,_multiple_submitters,_no_conflicts
TP53		NC_000017.11:g.7676558G>A	0.0	Uncertain_significance	missense	reviewed_by_expert_panel
TP53		NC_000017.11:g.7676558G>C	0.0	Conflicting_classifications_of_pathogenicity	missense	criteria_provided,_conflicting_classifications
TP53		NC_000017.11:g.7676560G>A	0.0	Conflicting_classifications_of_pathogenicity	missense	criteria_provided,_conflicting_classifications
TP53		NC_000017.11:g.7676560G>C	0.0	Conflicting_classifications_of_pathogenicity	missense	criteria_provided,_conflicting_classifications
TP53		NC_000017.11:g.7676560G>T	0.0	Uncertain_significance	missense	criteria_provided,_single_submitter
TP53		NC_000017.11:g.7676561G>A	0.0	Uncertain_significance	missense	criteria_provided,_single_submitter
TP53		NC_000017.11:g.7676564C>G	0.0	Conflicting_classifications_of_pathogenicity	missense	criteria_provided,_conflicting_classifications
TP53		NC_000017.11:g.7676564C>T	0.0	Conflicting_classifications_of_pathogenicity	missense	criteria_provided,_conflicting_classifications
TP53		NC_000017.11:g.7676566A>C	0.0	Conflicting_classifications_of_pathogenicity	missense	criteria_provided,_conflicting_classifications
TP53		NC_000017.11:g.7676566A>T	0.0	Uncertain_significance	missense	criteria_provided,_single_submitter
TP53		NC_000017.11:g.7676567C>A	0.0	Conflicting_classifications_of_pathogenicity	missense	criteria_provided,_conflicting_classifications
TP53		NC_000017.11:g.7676567C>G	0.0	Likely_benign	missense	reviewed_by_expert_panel
TP53		NC_000017.11:g.7676567C>T	0.0	Benign	missense	reviewed_by_expert_panel
TP53		NC_000017.11:g.7676568G>C	0.0	Conflicting_classifications_of_pathogenicity	missense	criteria_provided,_conflicting_classifications
TP53		NC_000017.11:g.7676568G>T	0.0	Uncertain_significance	missense	criteria_provided,_multiple_submitters,_no_conflicts
TP53		NC_000017.11:g.7676569C>T	0.0	Conflicting_classifications_of_pathogenicity	missense	criteria_provided,_conflicting_classifications
TP53		NC_000017.11:g.7676570T>C	0.0	Uncertain_significance	missense	criteria_provided,_single_submitter
TP53		NC_000017.11:g.7676570T>G	0.0	Uncertain_significance	missense	criteria_provided,_single_submitter
TP53		NC_000017.11:g.7676572G>A	0.0	Likely_benign	missense	criteria_provided,_single_submitter
TP53		NC_000017.11:g.7676572G>C	0.0	Likely_benign	missense	criteria_provided,_single_submitter
TP53		NC_000017.11:g.7676573G>T	0.0	Conflicting_classifications_of_pathogenicity	missense	criteria_provided,_conflicting_classifications
TP53		NC_000017.11:g.7676574A>C	0.0	Likely_benign	missense	criteria_provided,_single_submitter
TP53		NC_000017.11:g.7676574A>T	0.0	Likely_benign	missense	reviewed_by_expert_panel
TP53		NC_000017.11:g.7676576C>G	0.0	Conflicting_classifications_of_pathogenicity	missense	criteria_provided,_conflicting_classifications
TP53		NC_000017.11:g.7676576C>T	0.0	Uncertain_significance	missense	criteria_provided,_single_submitter
TP53		NC_000017.11:g.7676581T>C	0.0	Conflicting_classifications_of_pathogenicity	missense	criteria_provided,_conflicting_classifications
TP53		NC_000017.11:g.7676584G>A	0.0	Likely_benign	missense	reviewed_by_expert_panel
TP53		NC_000017.11:g.7676584G>C	0.0	Conflicting_classifications_of_pathogenicity	missense	criteria_provided,_conflicting_classifications
TP53		NC_000017.11:g.7676584G>T	0.0	Likely_benign	missense	criteria_provided,_single_submitter
TP53		NC_000017.11:g.7676585G>A	0.0	Uncertain_significance	missense	criteria_provided,_single_submitter
TP53		NC_000017.11:g.7676585G>C	0.0	Uncertain_significance	missense	criteria_provided,_single_submitter
TP53		NC_000017.11:g.7676587T>C	0.0	Uncertain_significance	missense	criteria_provided,_multiple_submitters,_no_conflicts
TP53		NC_000017.11:g.7676588C>G	0.0	Uncertain_significance	missense	criteria_provided,_multiple_submitters,_no_conflicts
TP53		NC_000017.11:g.7676588C>T	0.0	Conflicting_classifications_of_pathogenicity	missense	criteria_provided,_conflicting_classifications
TP53		NC_000017.11:g.7676590T>C	0.0	Uncertain_significance	missense	criteria_provided,_multiple_submitters,_no_conflicts
TP53		NC_000017.11:g.7676591C>T	0.0	Conflicting_classifications_of_pathogenicity	missense	criteria_provided,_conflicting_classifications
TP53		NC_000017.11:g.7676595G>A	0.0	Uncertain_significance	utr	criteria_provided,_single_submitter
TP53		NC_000017.11:g.7676597C>T	0.0	Uncertain_significance	utr	criteria_provided,_multiple_submitters,_no_conflicts
TP53		NC_000017.11:g.7676599G>A	0.0	Uncertain_significance	utr	criteria_provided,_multiple_submitters,_no_conflicts
TP53		NC_000017.11:g.7676599G>C	0.0	Uncertain_significance	utr	criteria_provided,_single_submitter
TP53		NC_000017.11:g.7676601G>C	0.0	Uncertain_significance	utr	criteria_provided,_single_submitter
TP53		NC_000017.11:g.7676604C>A	0.0	Uncertain_significance	utr	criteria_provided,_multiple_submitters,_no_conflicts
TP53		NC_000017.11:g.7676605C>A	0.0	Likely_benign	utr	criteria_provided,_single_submitter
TP53		NC_000017.11:g.7676605C>T	0.0	Conflicting_classifications_of_pathogenicity	utr	criteria_provided,_conflicting_classifications
TP53		NC_000017.11:g.7676606G>A	0.0	Conflicting_classifications_of_pathogenicity	utr	criteria_provided,_conflicting_classifications
TP53		NC_000017.11:g.7676610G>A	0.0	Likely_benign	utr	criteria_provided,_single_submitter
TP53		NC_000017.11:g.7676614G>C	0.0	Likely_benign	utr	criteria_provided,_single_submitter
TP53		NC_000017.11:g.7676616C>T	0.0	Uncertain_significance	utr	criteria_provided,_single_submitter
TP53		NC_000017.11:g.7676620C>T	0.0	Uncertain_significance	splice_acceptor	criteria_provided,_single_submitter
TP53		NC_000017.11:g.7676625G>C	0.0	Uncertain_significance	intronic	criteria_provided,_single_submitter
TP53		NC_000017.11:g.7676636A>C	0.0	Likely_benign	intronic	criteria_provided,_single_submitter
TP53		NC_000017.11:g.7676734C>T	0.0	Benign	intronic	criteria_provided,_multiple_submitters,_no_conflicts
TP53		NC_000017.11:g.7676799C>G	0.0	Likely_benign	intronic	criteria_provided,_single_submitter
TP53		NC_000017.11:g.7676954del	0.0	Benign	intronic	criteria_provided,_single_submitter
TP53		NC_000017.11:g.7676953_7676954del	0.0	Benign	intronic	criteria_provided,_single_submitter
TP53		NC_000017.11:g.7676963G>A	0.0	Likely_benign	intronic	criteria_provided,_single_submitter
TP53		NC_000017.11:g.7679754A>G	0.0	Likely_benign	intronic	criteria_provided,_single_submitter
TP53		NC_000017.11:g.7682238G>T	0.0	Uncertain_significance	intronic	no_assertion_criteria_provided
TP53		NC_000017.11:g.7682348T>C	0.0	Uncertain_significance	intronic	no_assertion_criteria_provided
TP53		NC_000017.11:g.7682350T>A	0.0	Uncertain_significance	intronic	no_assertion_criteria_provided
TP53		NC_000017.11:g.7682425C>G	0.0	Uncertain_significance	intronic	no_assertion_criteria_provided
TP53		NC_000017.11:g.7682462del	0.0	Uncertain_significance	intronic	no_assertion_criteria_provided
TP53		NC_000017.11:g.7682463C>A	0.0	Uncertain_significance	intronic	no_assertion_criteria_provided
TP53		NC_000017.11:g.7682469C>G	0.0	Uncertain_significance	intronic	no_assertion_criteria_provided
TP53		NC_000017.11:g.7682470C>A	0.0	Uncertain_significance	intronic	no_assertion_criteria_provided
TP53		NC_000017.11:g.7687108C>T	0.0	Likely_benign	intronic	no_assertion_criteria_provided
TP53		NC_000017.11:g.7687368G>A	0.0	Likely_benign	intronic	criteria_provided,_single_submitter
TP53		NC_000017.11:g.7687372C>A	0.0	Uncertain_significance	intronic	criteria_provided,_single_submitter
TP53		NC_000017.11:g.7687373T>G	0.0	Uncertain_significance	intronic	criteria_provided,_single_submitter
TP53		NC_000017.11:g.7687378del	0.0	Uncertain_significance	splice_donor	criteria_provided,_single_submitter
TP53		NC_000017.11:g.7687376C>A	0.0	Conflicting_classifications_of_pathogenicity	splice_donor	criteria_provided,_conflicting_classifications
TP53		NC_000017.11:g.7687376C>G	0.0	Conflicting_classifications_of_pathogenicity	splice_donor	criteria_provided,_conflicting_classifications
TP53		NC_000017.11:g.7687376C>T	0.0	Uncertain_significance	splice_donor	criteria_provided,_single_submitter
TP53		NC_000017.11:g.7687390G>A	0.0	Uncertain_significance	intronic	criteria_provided,_single_submitter
TP53		NC_000017.11:g.7687391C>A	0.0	Likely_benign	intronic	criteria_provided,_single_submitter
TP53		NC_000017.11:g.7687396C>T	0.0	Uncertain_significance	intronic	criteria_provided,_multiple_submitters,_no_conflicts
TP53		NC_000017.11:g.7687421G>T	0.0	Uncertain_significance	intronic	criteria_provided,_single_submitter
TP53		NC_000017.11:g.7687442G>A	0.0	Uncertain_significance	intronic	criteria_provided,_single_submitter
TP53		NC_000017.11:g.7687450G>C	0.0	Uncertain_significance	intronic	criteria_provided,_single_submitter
TP53		NC_000017.11:g.7687459T>C	0.0	Uncertain_significance	intronic	criteria_provided,_single_submitter
TP53		NC_000017.11:g.7687471G>A	0.0	Uncertain_significance	intronic	criteria_provided,_single_submitter
TP53		NC_000017.11:g.7688404G>C	0.0	Benign/Likely_benign	intronic	criteria_provided,_multiple_submitters,_no_conflicts
TP53		NC_000017.11:g.7688443G>A	0.0	Benign/Likely_benign	intronic	criteria_provided,_single_submitter
TP53		NC_000017.11:g.7688649A>G	0.0	Uncertain_significance	missense	criteria_provided,_multiple_submitters,_no_conflicts
TP53		NC_000017.11:g.7688679C>T	0.0	Benign/Likely_benign	missense	criteria_provided,_multiple_submitters,_no_conflicts
TP53		NC_000017.11:g.7688835G>A	0.0	Uncertain_significance	missense	criteria_provided,_multiple_submitters,_no_conflicts
TP53		NC_000017.11:g.7688850C>G	0.0	Benign	missense	criteria_provided,_multiple_submitters,_no_conflicts
TP53		NC_000017.11:g.7688983G>A	0.0	Uncertain_significance	missense	criteria_provided,_single_submitter
TP53		NC_000017.11:g.7688998A>C	0.0	Uncertain_significance	missense	criteria_provided,_single_submitter
TP53		NC_000017.11:g.7689055C>G	0.0	Benign/Likely_benign	missense	criteria_provided,_multiple_submitters,_no_conflicts
TP53		NC_000017.11:g.7689079C>G	0.0	Uncertain_significance	missense	criteria_provided,_single_submitter
TP53		NC_000017.11:g.7689619A>C	0.0	Uncertain_significance	missense	criteria_provided,_multiple_submitters,_no_conflicts
TP53	p.I25T	NC_000017.11:g.7676521A>C	0.0	vus		
TP53	p.I25V	NC_000017.11:g.7676525del	0.0	pathogenic		
TP53	p.K24N	NC_000017.11:g.7676523T>C	0.0	benign		
TP53	p.I22N	NC_000017.11:g.7676532del	0.0	pathogenic		
TP53	p.Q21H	NC_000017.11:g.7676532G>C	0.0	other		
TP53	p.Q21R	NC_000017.11:g.7676533T>G	0.0	benign		
TP53	p.Q21*	NC_000017.11:g.7676534C>T	0.0	vus		
TP53	p.T20N	NC_000017.11:g.7676536G>A	0.0	vus		
TP53	p.T20S	NC_000017.11:g.7676540del	0.0	pathogenic		
TP53	p.T20A	NC_000017.11:g.7676537A>G	0.0	vus		
TP53	p.F19L	NC_000017.11:g.7676538A>G	0.0	benign		
TP53	p.T18R	NC_000017.11:g.7676545del	0.0	pathogenic		
TP53	p.D16E	NC_000017.11:g.7676547C>G	0.0	vus		
TP53	p.D16A	NC_000017.11:g.7676548T>C	0.0	other		
TP53	p.D16Y	NC_000017.11:g.7676549G>T	0.0	vus		
TP53	p.*15W	NC_000017.11:g.7676550A>G	0.0	benign		
TP53	p.*15R	NC_000017.11:g.7676552T>C	0.0	vus		
TP53	p.*15G	NC_000017.11:g.7676552T>G	0.0	vus		
TP53	p.V14I	NC_000017.11:g.7676555G>A	0.0	benign		
TP53	p.V14L	NC_000017.11:g.7676555G>C	0.0	vus		
TP53	p.S13Y	NC_000017.11:g.7676557G>A	0.0	other		
TP53	p.S13T	NC_000017.11:g.7676558G>A	0.0	vus		
TP53	p.S13P	NC_000017.11:g.7676558G>C	0.0	other		
TP53	p.P12H	NC_000017.11:g.7676560G>A	0.0	other		
TP53	p.P12L	NC_000017.11:g.7676560G>T	0.0	vus		
TP53	p.P12T	NC_000017.11:g.7676561G>A	0.0	vus		
TP53	p.E11D	NC_000017.11:g.7676562C>T	0.0	benign		
TP53	p.E11*	NC_000017.11:g.7676564C>T	0.0	other		
TP53	p.L10P	NC_000017.11:g.7676566A>C	0.0	other		
TP53	p.L10M	NC_000017.11:g.7676567C>A	0.0	other		
TP53	p.L10V	NC_000017.11:g.7676567C>G	0.0	benign		
TP53	p.R9L	NC_000017.11:g.7676569C>T	0.0	other		
TP53	p.R9G	NC_000017.11:g.7676570T>G	0.0	vus		
TP53	p.S8Y	NC_000017.11:g.7676572G>A	0.0	benign		
TP53	p.*7Y	NC_000017.11:g.7676574A>C	0.0	benign		
TP53	p.*7*	NC_000017.11:g.7676574A>G	0.0	benign		
TP53	p.*7Y	NC_000017.11:g.7676574A>T	0.0	benign		
TP53	p.*7E	NC_000017.11:g.7676576C>G	0.0	other		
TP53	p.*7*	NC_000017.11:g.7676576C>T	0.0	vus		
TP53	p.D5A	NC_000017.11:g.7676581T>C	0.0	other		
TP53	p.A4D	NC_000017.11:g.7676584G>A	0.0	benign		
TP53	p.A4V	NC_000017.11:g.7676584G>T	0.0	benign		
TP53	p.A4T	NC_000017.11:g.7676585G>A	0.0	vus		
TP53	p.A4P	NC_000017.11:g.7676585G>C	0.0	vus		
TP53	p.E3D	NC_000017.11:g.7676586C>T	0.0	benign		
TP53	p.E3A	NC_000017.11:g.7676587T>C	0.0	vus		
TP53	p.E3*	NC_000017.11:g.7676588C>T	0.0	other		
TP53	p.E2D	NC_000017.11:g.7676589C>T	0.0	benign		
TP53	p.E2A	NC_000017.11:g.7676590T>C	0.0	vus		
TP53	p.E2*	NC_000017.11:g.7676591C>T	0.0	other		
